658
1432
2718
3343
1255
1430
1277
1945
1824
4309
4081
4318
1474
3744
547
47
4335
2915
1588
4803
1431
2739
2640
710
1649
3757
705
1835
1389
4669
833
4702
4572
1240
2832
3531
778
2227
3703
763
4090
3013
2035
3160
1498
562
3798
38
4145
4410
4051
4557
1247
3449
2417
1300
2748
824
138
3233
4555
261
932
4110
2320
2038
3647
510
3688
1492
2064
1160
1768
3325
4925
1218
1801
2762
1098
163
3410
1898
2148
2634
335
1302
3652
3226
1544
4512
2183
3754
365
1006
1243
3720
2568
4331
1308
2967
3275
1479
2784
3217
4509
3957
4271
4358
1287
1286
3879
388
1491
493
3199
889
4175
3050
443
160
4766
4523
383
513
224
4264
1720
3476
3140
2837
2079
4766
4443
46
2095
3573
1654
2838
4481
2545
2170
2144
1773
636
2443
4521
2948
2427
3791
4350
2316
3405
1605
2010
2244
4100
2158
4691
4977
2113
3786
3726
648
4413
4334
2343
3892
4357
4477
2110
2314
925
2748
1406
1451
689
1714
2528
3955
3920
2984
384
840
4218
2645
110
4316
1979
1966
311
670
4392
1188
149
2982
50
3942
1356
4112
3721
641
366
2419
1514
4092
4050
2787
284
4449
1737
1667
4983
4401
241
4087
2646
935
637
1040
3487
3760
1980
2193
3329
1185
1705
3475
4997
4802
1204
196
1376
810
3183
1796
4271
587
1811
2155
716
3255
1355
1653
4873
1235
4769
2792
2530
1450
2393
1976
904
2733
619
1673
731
4850
4980
1637
1679
3995
3303
13
4754
4273
2583
4797
3261
2696
4793
2972
1538
1596
344
4601
2485
2220
953
3037
429
558
624
1804
613
1316
514
4973
1662
1878
2469
1565
3232
1912
1901
1246
616
13
2040
1430
2724
1427
3700
1317
3861
937
3039
783
3588
1638
839
796
2768
4860
2564
3092
4175
3558
1019
4462
2211
2197
3652
242
1359
2257
4614
2006
1210
3942
2009
1287
1539
2797
4300
312
3750
4132
1296
3359
2429
2081
2077
4622
387
2347
1355
2455
557
4049
2084
4012
2258
4360
2761
4774
1244
1510
1890
212
2575
1668
4393
4079
458
4436
2961
1811
2132
968
1187
1145
4057
4987
2377
1266
1757
2939
431
470
600
2391
959
695
4938
2149
4940
4615
4409
0
3705
1985
1240
192
2546
2407
3178
1754
3883
1408
2120
3690
4696
4772
2000
4038
2821
3450
2535
1789
831
1761
4783
2567
3794
3622
2180
2975
4549
4343
2547
830
1707
2181
3061
1746
1803
3991
267
3471
1330
1196
1154
940
3559
4993
3889
1761
4552
933
4936
2136
4419
1072
1531
802
4039
107
1399
2243
164
1420
1997
2649
4304
2160
4381
2184
1716
3367
4700
1618
2934
4242
465
1053
960
448
1996
3461
4313
2210
2201
756
667
1571
3372
1631
205
4500
4340
3987
2345
2895
4269
2951
3808
4786
2568
4828
517
3494
4094
1003
4160
2881
1238
2061
4300
4897
3771
521
1146
1746
1361
2513
4335
3241
777
3438
1940
1586
467
4166
2564
1471
4979
2011
2060
1658
1015
2693
3422
1918
704
282
534
2648
3984
621
2425
4451
4067
2101
2994
2741
4937
272
1095
1188
554
4616
3956
957
803
3972
4814
2206
4920
642
1498
3114
4674
2420
4863
1837
4731
3120
953
3889
240
1388
1168
2576
1847
1210
2329
434
1472
520
1371
3402
2457
4636
3260
2636
1860
3222
1765
4738
4524
742
700
3224
1216
3111
2952
3268
2711
2028
3842
4610
2029
2643
42
1158
1245
863
4991
499
3839
4442
1499
228
3643
746
3535
3689
4479
4195
4771
4364
1630
1982
0
2565
2106
3568
2785
4115
1355
4526
4295
395
168
128
541
1134
1573
156
1884
646
2094
684
336
2129
379
1810
218
2146
4452
563
2702
3732
3719
114
872
3216
2599
1751
1443
2937
2552
1983
4170
1726
4265
1517
3379
1864
712
3729
1744
2324
1156
4289
4880
2459
4103
1165
2118
4776
1898
3999
3112
3378
2910
4202
4850
459
1208
2547
4148
2344
2293
3542
1458
4426
2183
874
2946
2291
2790
4535
4443
181
898
4990
4652
4152
3663
3762
3107
2619
2962
4262
2767
3421
1500
1087
4072
4380
2469
4
1413
598
3979
2195
1446
1982
2810
261
3388
3713
502
1605
4382
905
519
1685
2853
265
4780
2329
3193
2147
1508
4112
2653
1871
888
3153
737
2732
1941
3402
4663
1084
3953
407
24
2155
3291
4832
4760
848
4488
1211
4327
4920
1940
2965
1897
4510
582
675
1913
2407
3495
470
2433
4086
419
4398
413
3075
3977
3414
2305
4538
2128
2792
1447
1441
2330
506
4638
3001
30
3474
2111
3617
4176
2118
650
183
4372
3151
4937
2881
2603
2183
4291
1083
4077
1064
1500
1169
648
2639
3658
2352
4127
1209
4499
608
1887
1828
1509
1828
4278
1825
1167
2125
3428
1057
2726
2932
791
1886
2466
4551
1305
2259
3555
694
2717
1006
4694
4278
3890
3373
1100
2197
215
823
1868
855
4944
3037
3079
4105
4560
240
525
2612
2992
2460
2655
1828
2958
86
3605
4906
3097
3402
3073
1406
4604
1553
4059
3937
57
2072
4614
3474
2528
2884
3002
3191
2744
3069
1803
2263
613
1008
1515
3214
4419
2098
4716
4992
330
4273
4216
169
4730
781
1605
1293
409
4416
1491
4883
3131
2657
4471
1863
3377
4183
3485
1825
317
2252
1049
1088
4044
1424
1599
266
4749
3736
1869
1200
4770
4278
1837
302
2285
419
2663
4081
981
4083
4486
1124
1512
3208
1857
1468
1947
2057
4501
2467
3719
611
1170
2178
3870
400
539
2682
2584
4768
1290
2116
3319
4942
2995
1767
4025
1341
1207
315
735
2818
604
4868
3465
963
4939
3209
2597
4384
1763
4565
32
633
1732
558
3747
2393
3694
2036
4777
49
2139
1220
4889
4952
890
1998
3079
1194
877
3963
336
4502
2469
363
4974
