10331
22606
5220
7425
10877
12862
22478
2136
19452
5749
5537
21182
19072
5989
20319
6786
9585
7640
3683
19507
20062
5947
2039
1495
14496
10047
40
22911
3130
14053
7190
1201
4
22458
17638
14630
7945
940
14418
16990
7045
3868
2309
23184
7955
308
18247
7087
6461
18043
19040
12425
10869
4094
3746
2569
21868
7434
21487
5056
15778
19503
437
24319
19333
16095
4823
13640
23517
17279
5695
24694
7359
8933
2368
8474
1984
23627
6305
6600
6365
6211
2702
20625
3001
5068
14433
6121
18023
4915
6186
19692
4744
5693
19698
861
8998
828
15798
39
4034
1376
6634
21384
7412
2552
3548
24515
5801
20218
5491
8284
2537
4007
1736
3337
19186
4946
659
3431
8919
571
16393
3779
1805
7094
18052
4779
13103
841
3436
4476
15744
24823
7261
12412
14874
16510
9225
13298
14476
8680
967
14853
8873
10704
1515
12627
5351
2531
913
6156
5637
2121
4372
19877
4169
1435
20508
11473
15336
7728
2848
429
15327
4163
10063
12346
19234
1695
1621
7953
659
8638
7588
14930
2157
750
17961
8926
2233
5413
609
24006
24377
1926
1236
6147
13315
1932
24001
21095
4505
13255
18530
2515
13735
22501
23920
12203
22868
24706
20202
1671
2428
7971
4371
14123
8220
9928
5306
12730
8232
22208
5397
12070
20923
1985
18640
1347
2229
3896
22395
19709
7305
3294
4450
2646
10655
13964
4641
12213
503
5712
8279
13244
4368
3352
26
2256
14088
14734
6092
12366
24324
4789
4013
7956
21714
12243
16016
13766
7629
5360
6482
10363
22785
21662
1193
2799
2280
13705
4961
21825
5293
13360
22477
21528
3102
1941
196
12833
13599
10769
18409
21764
9149
6052
5423
721
543
3980
6645
597
4972
13147
4519
5321
22345
6278
4886
13316
8002
131
22849
1936
6668
2635
9427
5979
2920
2457
7446
4111
13482
18809
20888
14915
16154
3220
6061
23099
3554
6419
18814
13558
682
2338
10617
1063
15273
12471
1665
20143
17021
18211
22127
22656
2485
11465
2377
6117
20148
21876
21274
10792
584
11502
5474
24180
21988
10702
10447
7580
5315
657
9659
20507
5455
14572
4657
4982
15977
3513
6515
11518
8969
15633
4085
13315
12952
4649
16815
2598
9851
3199
5335
19029
1339
11671
10189
9213
24803
1
8867
5330
21674
17965
16861
16595
1490
1978
7373
14756
11216
4011
5499
9051
517
6644
7475
12455
21164
6627
4846
3374
23597
5986
18517
24191
3369
1780
20835
20807
11487
10878
23003
1735
4671
8720
875
5341
1957
17708
1967
6210
639
13750
9153
2181
6538
6516
4135
10070
24803
9248
813
16997
11154
1980
18333
5860
2811
16166
3756
4282
23200
1348
13695
6930
13161
6241
1005
17563
16526
6473
18567
4921
23478
7689
5165
7644
13409
6546
9443
5367
1667
4536
8444
12084
9329
10558
24758
20070
22529
22109
4143
3862
24301
5452
4245
16963
1657
3489
4332
212
10838
15705
9227
12911
6853
22125
5696
16080
11776
750
4630
6770
213
11386
13708
15617
10900
21047
21928
14835
1667
5992
14964
532
656
8254
14887
12097
4791
12528
11247
2536
4805
17166
5701
8654
15772
1298
1753
12656
23255
5776
8393
6919
8481
8335
23652
14645
5145
6568
23676
14621
25
12143
9731
16410
167
11377
5012
14582
6243
11133
2686
24383
7074
18101
13365
12605
4827
6855
14889
15910
432
9918
3587
9365
19631
24095
869
21817
4545
8497
7993
3106
7522
3996
8037
16450
3403
1933
5941
23113
8653
3953
5665
8433
15031
1785
15593
21667
961
2316
4967
4442
15697
24107
2764
7950
6942
6481
21261
9844
24156
17537
15335
7652
3663
2925
10017
666
2972
10292
3689
12834
21476
22507
2745
5734
14794
18047
2155
9194
17311
3074
20163
15218
6875
4221
15404
7426
16047
19021
24046
9805
3929
2113
17551
13138
4144
16642
4119
2444
5217
16147
6200
873
1521
6260
24261
4094
13988
19442
1978
23289
8293
23001
6429
12503
526
14932
15148
4527
13235
11580
3983
12846
11394
6672
16183
15356
8173
18572
1567
15231
5220
1917
10578
13574
9020
13779
4398
5761
8973
80
21991
22968
6747
4536
23030
18929
786
4706
5331
6902
4376
16966
11377
2942
4509
24991
9706
2082
8918
1243
9666
307
11795
24344
1392
20962
11021
11577
114
9208
17612
22329
2209
9231
17864
15296
309
17192
3919
23028
18986
12487
8230
19858
379
22436
3275
20797
1285
4772
6362
15126
6800
11783
13031
10124
2369
2275
12460
18038
6683
2345
13739
7351
18416
62
19190
23072
16387
15589
16532
4877
20535
5130
15911
22345
7381
8202
18124
7147
482
12402
13379
4797
3591
12141
2984
18050
9165
11506
23392
11185
15457
2077
456
11791
12252
24357
1155
14761
20462
15246
2898
19018
4100
20128
23649
11154
5392
21015
4296
7584
4320
24860
15191
7241
14513
23924
6677
9634
14365
13560
1227
19218
7794
6981
4068
16627
20590
2996
1544
2435
9512
10125
22097
18014
1265
17527
29
23190
15194
16179
7462
4445
23983
1250
2143
1850
17349
4740
18944
12947
7480
15323
8491
22210
18904
10159
20687
5555
11693
6611
13261
15573
1593
19784
23641
22679
9468
1057
17059
14460
13118
7366
18103
6090
352
9893
2466
2656
12660
3333
47
24318
7718
133
3369
17641
6771
5317
4089
3831
16290
1211
17097
2759
3071
23849
11314
4853
4151
24196
20795
23917
21569
1080
17132
14134
13466
11091
16746
6634
22084
3511
6755
8330
6216
1076
18092
20398
9921
11758
2857
4966
4267
10322
8430
3291
2556
2542
10403
4633
24914
18570
2949
9617
10733
4426
14731
21754
5830
8829
17917
6560
15039
16379
108
3896
501
4386
13318
5010
3500
8849
21545
3496
9674
16689
3290
10030
15807
3921
2166
11443
17747
23322
2584
12559
4641
19034
9820
7613
18570
24076
16804
1459
7021
1943
4882
19879
565
21046
22053
5645
12124
1560
20671
2750
11791
21737
24526
14323
8057
18873
22129
17426
23876
21275
13886
616
9565
20441
22825
1400
13048
21478
4351
9459
1837
14740
11284
14472
3865
21255
24658
23878
4791
20458
15028
8776
21288
11104
15642
1616
6153
13886
4021
23519
15916
4471
18925
1299
1162
11480
5136
16594
14784
7669
11086
8327
18303
443
12099
14123
15944
1663
6613
3693
7743
23407
8143
9717
20767
12416
262
16997
19183
23280
3073
6681
3948
6933
14358
9529
4559
3349
4650
17700
21224
6263
20961
1007
4083
7018
23312
21303
3114
10365
24054
15947
18299
1639
50
4206
22524
4744
16593
5731
17852
16439
11559
12129
4443
6365
9728
20401
14268
1777
7999
12478
1746
19022
24743
9549
20154
267
24640
6741
5312
20209
7165
6672
4860
6450
13979
1362
3013
10839
23500
5490
20638
21115
12181
1638
13569
22455
19701
23116
7042
19165
6087
17479
22653
5225
1089
21711
17499
19892
17310
7724
17168
14955
22321
6539
832
5272
10204
170
1156
10975
19431
15281
1567
124
16916
5241
7191
18571
6291
7050
13480
4672
20786
17512
4946
600
1007
11589
950
9591
24049
4797
13012
3115
9948
5861
10706
2297
4963
4029
20032
4103
15722
7592
13511
9114
1476
3994
331
65
3867
13450
11958
8057
4935
6176
1016
91
3929
11224
23116
11963
23552
13991
6332
4113
13892
12357
2279
17853
11000
6204
1882
7855
3829
8481
24349
12101
5309
14440
12711
14273
221
16508
1933
20218
6183
12560
16255
9554
5567
4527
7683
4671
16020
667
15311
2662
17585
18388
6665
15101
4797
2679
18641
5151
14792
17481
15273
398
6599
2452
3211
19443
22729
9522
5636
1578
4843
15079
21912
133
5056
588
1118
445
23157
6208
22293
3848
9581
954
12215
31
18801
5997
21941
24287
306
20467
13555
6451
20569
2157
2638
15808
13351
10961
8611
13161
18264
2638
1697
21116
23886
2596
20962
20380
22635
16951
6550
12512
16319
19998
1665
13700
22499
6423
2574
1079
17188
3485
2012
24469
2876
23708
21496
12814
17470
23940
250
24359
2537
7396
3484
21543
13663
13921
15305
3404
13630
1328
9819
479
3822
21800
5528
5533
8580
10780
23261
15023
4070
4455
11235
22565
5680
12744
17217
4127
20055
3441
2186
6860
10253
10842
20377
1902
6116
5339
20546
23509
16821
3794
5227
483
8771
2818
9859
17784
6772
9685
1417
12600
3008
2010
664
3913
18181
14234
19162
2089
11194
20160
7130
184
24971
4952
11335
14129
13092
7266
3630
5287
8858
13758
3366
12246
7430
9681
14026
2775
4467
4241
18618
16736
3410
3350
10284
6755
20011
8634
3618
11030
18863
6130
3875
17755
18988
24957
5550
2145
18793
9756
12043
6698
20659
2723
13453
2470
13951
8128
5710
5657
24400
4345
11137
1808
1499
23618
2854
10466
20073
10191
11033
2260
10622
10791
3988
1989
18872
22650
4142
19084
12537
20276
22124
22462
6345
10450
22703
23773
14837
14068
20366
12717
14204
20916
12173
16945
12460
12599
19982
21717
16009
1409
2087
237
24686
16526
7349
1974
7159
18078
6856
3995
21533
5928
214
21204
7075
19954
16956
3522
1714
3056
22298
4773
16320
363
1855
22185
526
12484
18285
15014
1961
6354
3317
2472
6088
24824
2150
3559
20656
7314
24203
3447
12573
18457
971
6610
19979
15276
19517
12764
4092
2514
23586
3776
4154
21190
24469
19554
10046
106
457
23228
3042
19039
2027
19084
3285
4580
24360
958
19373
20221
7551
7686
23105
9782
7898
17433
5919
14248
17849
22301
23836
5578
24623
1206
7082
6852
4001
20290
6031
4169
15277
6527
15868
15579
18607
483
4314
9331
6026
4525
17588
22152
12965
16178
5161
16463
19507
794
14496
2957
4112
13844
2394
24490
6344
4679
24290
14598
1898
12083
840
19088
1526
16215
8558
7572
1451
7988
2338
556
276
3602
18318
12251
8972
4834
15892
1934
22623
4411
7350
1284
1858
18857
17405
6127
3534
6875
12624
18235
20465
24604
21416
615
11302
5892
12969
15410
5342
2671
3404
1072
17479
3671
13315
23453
3260
24318
339
12569
17381
12766
3785
5132
12640
12484
20559
14779
448
18306
23742
2060
7237
6204
15360
4679
548
21990
24694
2742
6993
22052
20375
8870
4618
18578
15834
24182
9909
3437
8662
13848
17229
17010
680
13126
3865
11853
1430
14910
8494
84
7498
1393
6678
14453
2624
21848
7448
19309
3059
1472
3346
22331
19540
22120
23685
6701
2869
16656
21000
11289
5605
21428
16160
2822
18117
5985
13174
10540
20251
22856
21320
13921
2484
2577
2413
6670
16048
10097
6803
12714
3896
599
7204
1693
6771
323
7753
2015
7378
4112
2236
2881
1568
2836
21476
22020
7142
7686
9597
11338
11302
14591
20887
23826
17102
8516
7761
18319
3055
19811
21188
17667
21775
1307
18828
304
828
1465
3205
14095
7130
23585
24018
9669
13766
8546
21028
20947
5844
19924
24632
1253
12286
16270
2466
19405
17414
7603
202
17384
16191
3245
3724
9697
22766
4110
18180
2013
590
4330
11969
3119
4789
14825
3673
20629
12841
8131
15973
4315
8279
1492
21167
10974
493
5915
7409
15867
6526
6486
19680
15529
3654
5064
20841
22701
3911
2774
24379
7653
11755
18950
16517
6558
13362
16912
20993
2881
9015
21345
20785
2436
5006
13902
24553
3710
23865
11727
24845
21253
10740
3372
4764
8635
20461
4572
2285
17869
24288
17091
3473
3966
1209
8923
12634
12484
3523
4415
4394
6066
401
19812
5479
5686
9787
10225
24302
20811
4395
13777
24445
3665
1169
14726
22021
1796
17284
14016
23880
14763
641
646
18439
2449
9889
3564
9415
17337
7982
18462
11989
23502
24694
332
20616
5041
6188
11790
6854
3383
267
9546
21961
22345
6588
15803
3875
9325
17146
6980
18688
773
2292
17510
11948
6583
7155
18519
4269
19853
15420
2900
14353
24958
7480
11575
12835
18773
978
15948
21114
1744
9249
13921
13690
6060
583
116
10751
21982
23193
14994
6391
23357
21760
23316
23600
5759
1950
2380
9610
19369
3253
906
13454
22187
12229
2392
9320
6290
5197
21076
14608
17664
1460
1431
9239
9177
12704
4433
1696
6976
10919
21455
21677
5570
7532
9184
7156
6352
16108
21149
7241
8051
3169
23911
15957
3387
16999
6269
567
19833
20317
1573
5099
4357
17678
6243
6528
2202
3472
14849
5991
6265
1477
2174
3080
3836
2905
7793
13303
23956
11043
2159
3431
3668
2824
18836
453
6512
4963
16335
24849
13936
17617
96
8968
24257
5493
4934
18486
17398
20447
20180
18770
5491
22835
17597
4146
11338
8839
20080
5193
17842
18828
21229
8302
16821
11377
6928
9694
14888
4956
10357
16517
1504
24347
8629
20601
6779
15922
8720
19656
3165
1621
18036
13171
7276
23617
3348
15034
2934
3870
15236
10138
22034
11119
7740
3053
18172
1725
12156
6665
2133
19857
16279
23235
21042
6489
21875
237
19
6797
3992
7358
735
4794
7046
1489
158
24798
14156
8145
15239
24197
4014
2379
14236
5228
6791
1124
3987
2732
7816
20205
18309
5969
13919
15444
5580
18764
10563
11117
19057
6605
4014
1688
19172
10965
19637
2413
5192
2475
12693
9725
1005
18062
7654
20315
14136
282
15348
19804
3896
13070
2691
7154
7162
24717
499
9663
12056
20164
11980
15104
5421
16188
14460
17127
2604
22639
23718
12630
4346
5097
13502
1569
5816
22439
6187
14811
17870
16067
15019
6924
9293
21843
14357
22977
21651
19342
23419
2956
24700
648
6671
3758
17623
8736
639
17626
20759
6056
20996
2452
12107
1765
23535
13242
10321
5273
5669
890
5790
2485
4821
6396
18240
14658
3647
10601
6720
3737
16416
5700
20578
13913
10667
6103
87
3098
12506
20986
18965
16192
14197
14120
3877
1170
1618
3162
20766
21547
5413
6040
1928
24025
1178
19372
23331
6396
7417
9882
16529
4689
3937
8814
2353
17928
22097
17020
4757
24938
187
549
2615
12295
7073
2336
6503
24887
22284
10288
3464
16679
4059
23605
20604
8063
5153
8621
17757
2369
13547
7604
23918
23028
4536
16530
6057
1627
9041
9388
2258
20576
6218
10205
10467
9580
4402
18735
4353
1307
13640
4124
15864
23123
12430
24930
21515
19862
2451
17455
20310
10465
1475
21944
10943
13012
4170
13624
4482
17682
13906
20248
6892
8683
1704
7690
8578
19769
11981
21338
476
2783
19500
1951
9940
4305
6215
12750
14107
6504
3951
11960
9846
4004
3364
16309
1644
1247
21745
5953
11556
23039
14588
798
23252
20820
21765
210
21373
10548
3868
5635
16598
10179
2784
15432
3805
12383
6054
2265
17045
18491
6870
4306
23589
20041
10164
18268
4277
2230
4733
14380
16807
5609
22776
6936
1307
3132
22320
4895
570
3878
20679
6273
6968
23319
9357
5703
10100
3790
24145
7300
442
13144
6904
19972
1059
7674
4388
2316
5243
4504
24086
21386
12059
17039
18414
8718
6311
6880
17234
22809
21795
10454
5750
4828
3978
16075
4187
20517
15368
23693
23715
19678
10856
18439
18852
7214
7376
6429
13499
7109
13996
15575
4322
24458
22504
13250
15237
21430
14434
3987
5010
24398
22431
4710
1744
3109
5309
7974
2417
22633
680
15462
11242
4847
19601
1935
17154
2601
16028
643
22057
16535
18137
16993
18444
9396
630
6130
3006
1218
11059
5956
1561
2888
5997
17044
19581
11011
19551
23665
3832
20891
13246
9503
1999
184
8900
1850
1427
6012
2799
5619
17344
13107
22251
3200
786
8080
22829
4070
6969
7225
23553
4410
7438
7047
3311
14897
5670
24198
6745
2381
623
4676
2569
24961
12281
21064
10729
3750
23159
13408
11306
2095
3197
16800
7368
6521
3093
167
2254
4200
1701
4988
22966
3862
7834
14489
19092
21677
5747
4191
1684
21239
4087
9451
10985
4180
1641
15951
743
20
1245
10755
1299
6149
18947
11750
4274
6639
10052
11392
10423
150
5034
24202
22329
15640
5349
17840
19820
24528
1035
15509
15607
12482
23999
18456
21966
9312
5654
3542
4352
2004
4758
5103
2060
24295
20480
11790
21895
22817
455
15267
2225
8753
12521
7027
11122
4496
19990
5803
5343
7098
6551
21296
3433
13469
23704
3243
13512
708
10921
7227
107
2862
4641
16812
1235
1779
6940
2678
1681
2742
12736
6385
2077
16649
1810
320
20809
7534
23638
14859
1109
9002
5566
14393
2604
8911
24490
15909
4759
2458
20601
16257
24080
10337
23711
14016
4306
5353
20728
1569
3759
919
18269
2113
17762
910
18804
24559
1534
9209
5580
10334
398
6897
15145
17335
3703
21409
7284
4629
9371
10152
15575
5645
6023
18366
17728
10933
1815
6043
20804
3612
22473
277
7534
15899
7663
648
19896
12691
12657
6866
5281
5334
23786
639
20607
16818
22066
13147
4887
5892
14916
23655
18283
16265
440
2702
2091
2323
444
5839
1615
2585
11383
23325
3956
24504
7462
10942
3037
2353
5522
4665
14076
1275
217
19356
8297
4235
7245
16965
15810
13424
3490
8263
19420
9220
14979
19215
19073
4024
9168
4935
6938
4727
8265
7162
17294
2463
3438
15609
1668
4811
7921
726
7942
12884
17004
15376
6119
2368
2472
5286
24902
15339
23325
24079
10707
9774
14809
11665
11121
14118
4795
6097
17732
14903
2343
74
23022
12624
23007
19969
6325
9328
6863
1681
13030
2665
5985
3066
11928
12004
17963
21192
9418
14757
17182
21641
17655
15120
8776
3934
5324
68
22500
2526
4822
15976
24825
24399
15713
13915
5344
18078
11959
3792
266
8121
7365
11970
24602
19996
5677
7548
23150
14577
4559
3109
18955
5755
1265
19377
22713
1716
21177
11579
24757
16693
8984
22202
17831
23127
15121
13041
22995
496
3386
13556
9107
2456
19147
4928
5893
8004
2805
2570
6145
5994
6861
17907
22606
2734
21864
13594
1133
4668
5049
2202
7405
2040
3089
19765
6001
11603
638
5017
24103
13750
911
3131
7507
14444
3447
1210
8500
5435
2545
21405
4812
21115
13035
11671
14925
2626
9733
18513
5530
20959
20715
6033
1348
741
4961
24546
24887
18058
3528
5940
16876
8641
862
1189
21032
2270
7746
16568
1125
16064
6848
21477
695
195
19969
15769
8306
18678
2248
19040
23850
19946
7128
12712
13091
24781
23986
16584
2026
10310
20765
14145
10123
24706
590
14403
4
5933
14163
5067
12538
13477
7531
5443
17323
21380
18657
9346
7972
1180
6736
4774
3251
10576
22344
192
24736
11040
20569
5615
6936
1829
2896
22352
5482
7446
6240
15300
3958
3323
4995
10778
12641
2224
825
7350
21902
17932
264
17626
11978
21922
12621
4476
7879
14679
7362
1968
20684
23974
6145
6072
2818
12905
23943
5521
5194
23872
1676
13872
11109
2446
22178
14389
6404
17826
5595
6478
23626
3236
7833
13607
11214
18129
12048
1601
20557
1441
22287
14849
18703
18470
2631
6010
4321
17247
11498
229
6027
12495
20089
17040
8891
8664
1751
11596
1090
75
10657
13500
8133
5260
17346
16371
22167
14065
5953
1533
557
12396
2398
6721
4394
3690
14046
5949
18075
3154
8867
291
11422
562
12927
3651
1719
22990
3234
19176
10635
10267
13618
11015
3049
5396
23891
541
21389
22730
4064
6585
14671
9737
384
2714
23419
10296
14356
18874
9930
6273
11223
3371
19345
11826
7663
16713
4921
3259
6948
1680
10735
7898
13111
11319
12444
24619
14965
21286
11032
13091
18827
8228
7835
3007
3572
5108
4812
24921
19089
6392
4949
15675
6153
4910
3366
1007
7793
11698
24113
20190
24461
2509
10454
6735
8791
23637
16840
6258
3239
4853
18848
8390
12021
18166
7505
16336
18395
117
4899
22933
12030
2039
14108
2249
342
4195
4883
11561
17836
8239
10287
7390
20908
12838
11688
9283
1339
21352
5972
6530
20491
266
7653
20601
13676
21727
19281
2274
16997
8879
3914
1203
10755
17352
5902
17004
6729
23290
8130
23983
10569
5663
4723
5285
19370
4387
9165
6782
227
7544
11560
4000
6438
2629
327
17669
4848
8936
6283
20190
23393
2001
11080
10877
1095
4722
277
6601
1280
7036
5706
9203
327
1923
1845
15489
2566
2724
23214
11976
17646
14990
9004
5663
19907
4823
1422
21810
2083
7280
8079
108
21239
3940
17292
1297
2675
21237
3088
24523
675
11888
274
187
4167
5737
20829
13666
5089
15658
1457
1345
15116
7856
15688
2022
2663
3575
11715
11207
4018
10104
15685
11636
11601
19695
7976
10544
3374
3681
10479
19904
21771
9310
4564
18640
21241
24452
7300
21138
2243
12612
15423
7336
22414
12777
444
10308
15581
18389
13652
18318
12016
21518
4333
20038
12948
2042
1923
13738
24865
18535
4506
14234
9992
16846
6903
9466
20652
4569
23864
6576
22899
10786
6169
7206
12572
20542
8552
21802
2475
24314
16979
6565
3458
11492
704
5161
3395
15374
10757
9199
24308
5902
18673
9119
1473
7585
3987
4608
13064
20594
19042
11003
3873
15693
7581
3107
181
18873
10044
7904
1265
9709
7038
3109
22291
20226
23460
1974
12924
6322
6166
24518
422
1119
11237
11288
16991
2390
2576
24748
10167
12886
16107
3868
7158
13388
2453
7535
2554
185
18632
10670
48
9014
4239
6614
15177
19310
17715
565
4463
366
18206
10488
20183
3680
16900
7588
4193
16510
11726
13764
24670
17037
14777
3667
23314
3239
2567
23418
19098
21054
7245
11740
21560
4446
4588
20016
3108
10034
12795
11678
581
3530
4229
4942
1592
10011
21815
24453
3136
14664
14397
2577
4776
32
23990
24552
8613
5695
1381
17420
19174
17753
257
5641
5944
24300
12463
11682
9797
23382
22246
2873
17950
2383
12723
1677
4209
13464
21351
8969
21284
15420
20846
10843
5778
24086
4128
3026
3965
23443
19646
10476
13702
23481
14029
1486
20217
11880
1767
12021
8284
21728
3291
21829
6185
4572
19473
16000
7545
4318
20090
13346
740
17890
9159
14186
20159
17271
24793
21251
9925
20787
13177
12259
14625
10598
24138
4044
6570
22107
12539
7409
7096
4914
20673
4115
7310
7753
861
19182
7673
2549
6834
4373
8784
1731
15793
9733
22493
2891
14800
10433
11683
9808
3928
21177
2143
13929
24838
7664
24604
24908
12117
5726
23554
4171
17282
23188
24687
5663
1104
3998
17225
61
14061
19501
6802
446
4501
16118
22844
1179
12181
5205
11839
23665
8378
24374
23018
7457
2371
2357
3022
3523
1204
3588
10465
3732
10757
1549
2386
20885
7251
17497
1552
20150
6773
2993
6351
4779
5169
7939
7301
4294
6416
12551
5402
10526
16911
5497
1727
4326
19424
482
20705
20040
7800
19115
19966
20916
2954
5665
3583
475
14716
4927
2030
6345
3112
2536
3634
1555
9447
14069
3512
3021
3969
11806
6484
5175
14439
4164
4313
5145
5668
3982
23941
18788
1041
1394
6912
1043
6641
10511
7167
10874
21213
272
9364
798
20976
5403
12256
6445
15653
19347
9076
6679
22216
20196
2676
24637
19242
4797
15070
24681
1689
2690
10889
22942
10127
21018
488
20825
24874
10022
12825
761
52
7324
16978
6427
4708
3987
5468
129
16637
5119
3690
24908
3285
2295
2371
14783
9664
16717
2086
7398
13358
7094
4886
3455
7091
20083
7598
11671
6085
4951
1494
5432
17379
20306
2087
1474
15636
3565
8388
18832
5846
8695
2537
20348
6288
2800
20208
2030
22418
1820
9474
4152
24691
9498
13907
10126
24027
4421
18937
1916
13994
8938
7678
9656
14937
4947
10164
17178
1000
16236
11848
2625
2327
4429
4594
19800
10713
21527
24396
1104
21510
12434
24602
18800
3920
15093
5569
7763
1400
10831
8994
24593
23234
7975
6592
352
2302
15711
3240
6708
15560
7519
785
6588
17962
22639
11557
21991
19104
13411
8319
7279
4317
12926
3093
21053
1797
1425
7127
7254
5274
13155
3280
11357
17651
941
325
13912
24113
11334
11604
4623
24988
15285
19775
22418
24694
24613
7217
22578
12150
13510
15536
4139
3280
23633
7667
18088
14450
16692
13246
32
4010
8431
5028
21864
23078
1302
17836
23345
612
6520
8799
179
4172
24759
13569
24049
20067
913
10854
14143
20289
4230
8712
23042
1437
3627
5462
14008
3295
15911
18766
23608
24334
22972
7333
14394
9028
10408
21030
16665
10406
12476
2162
2864
2752
1285
11560
6500
2225
5833
17774
18968
17643
5868
686
24198
24662
716
11243
9845
7892
24754
12630
5502
20272
6290
7708
9692
19763
17500
23683
2970
1632
4148
53
5255
14049
15327
2779
10864
4376
7407
24302
23493
20314
11072
21706
15591
16657
7516
9733
3559
322
8476
8958
19315
4215
2705
1297
429
10461
1402
6978
4668
13560
12446
11855
20159
7829
236
1435
1015
2560
12401
2793
11084
20856
17610
21126
1283
21728
8771
2210
22807
4111
2991
6512
1958
14154
14200
20427
10669
11048
21057
3971
24710
12759
5323
15209
7312
3613
3949
8072
21368
13953
6856
1620
2575
21035
3369
6240
348
19242
7336
442
1636
3700
16561
21457
3655
15379
12568
21754
9708
2902
23299
13431
13824
24165
6699
21546
6147
6834
4523
21713
12419
260
7779
20186
17422
6837
18591
3448
1241
14166
5964
7758
3790
8282
4803
21836
5174
6545
570
5192
6003
11078
2310
20462
1586
10
4229
10555
4719
14906
668
2718
2977
23783
3684
8913
20311
7925
1402
4863
9123
4302
19447
12974
5478
19031
3453
862
2292
13604
11931
13906
14402
18152
7395
2575
5885
16431
7074
3483
3548
17231
5680
3857
11857
22427
6281
2017
7324
11483
2819
21701
6305
13049
1313
4233
14299
23037
3367
3626
17936
3643
17422
7627
2751
17611
10210
20227
1848
11322
13131
24299
15619
21887
12977
10839
19491
1929
4859
11436
12004
15607
22906
24817
24571
23871
1593
14632
9781
24371
16056
8158
24507
3816
11010
14337
4756
19929
3067
20210
1219
13717
9030
13531
2539
21172
21093
3483
21320
3087
13602
6199
7056
2609
15150
2475
7322
13064
1289
1594
1149
3552
2081
11594
15484
9107
15934
5276
7120
12025
629
7259
13519
12710
2907
12730
5612
16597
918
21242
1095
7839
24270
292
4343
4553
5393
885
12964
15292
2903
23568
2322
15854
427
3480
5427
7330
11403
18245
2940
22803
7146
5214
19347
22999
24404
6705
13071
18890
1762
3751
21416
416
19055
7027
3193
6647
7361
19820
3755
283
5444
16721
844
2460
22427
23533
23904
11902
5897
1532
24470
24848
14752
3628
22079
19343
1360
14055
610
15227
14217
8048
2124
113
9420
204
17094
18851
8831
24771
22495
5598
6120
16550
4491
13770
19004
5580
4332
4071
6096
4448
16433
7726
3472
11157
13404
2101
15886
21637
17552
2000
15069
18045
9138
132
3334
12413
14231
10341
16539
328
1991
11627
6410
1807
2432
24936
11733
850
2902
149
22952
633
20474
4686
682
3864
6089
5003
21599
17330
678
17585
20685
2295
4458
20968
6965
2273
1947
1741
11269
21795
19435
7131
12068
19499
4066
22022
2309
1290
14119
24817
6152
913
17403
6496
13877
9686
2910
23536
3083
22807
16470
11270
2552
12294
5629
18181
5753
4422
50
5660
19460
18045
1491
15935
2044
427
186
8076
7013
19642
3565
12817
1889
5974
17723
14837
22907
22270
2723
2092
8657
2995
5031
7095
4511
18641
20201
5699
23874
4525
1973
12848
7137
894
19208
4693
19027
9182
20743
3130
5013
9362
1834
7263
20091
19224
3866
15603
12738
21601
465
12359
23683
23847
1698
5548
23826
9345
17345
23050
7007
23733
13611
4347
10981
7333
873
127
9977
20845
8153
5361
5597
8547
10598
20793
1654
20096
22425
3908
6227
12838
13847
9393
23951
2339
5965
16333
6809
22589
14002
4290
6801
7526
20556
4875
7253
2923
20854
2859
10590
11519
1760
3231
15405
14933
2607
7185
8978
21813
7455
16846
6350
18550
16126
8314
14526
22006
14258
603
12659
15662
15430
7379
21408
4106
14793
23370
10108
18935
16832
8043
20297
23869
12837
3885
3964
10895
7855
13045
8734
5856
24404
2427
22898
13177
1637
24842
21976
11337
19929
3724
21233
3796
7428
17573
20484
18767
769
12446
6049
21282
7030
11430
2268
3278
16815
380
20923
3986
717
20047
23564
20265
1185
16177
19089
21334
12492
1994
3837
5915
13256
5281
19204
21326
21876
12960
4653
1757
14324
7241
19467
2747
5752
1603
8405
2228
18822
8826
5515
20861
5042
2694
7074
15799
4869
24538
5489
19510
19651
6688
6381
11277
14217
11307
6130
2764
5663
4997
3811
12117
3763
21034
14339
14059
9542
516
2653
10380
20915
23481
2089
21121
14061
1626
7681
9779
24456
3165
7251
1600
9083
373
12919
15054
6948
2584
19459
32
17292
7434
3821
447
14317
24625
297
50
9329
24648
6620
7264
22077
22815
8424
16237
3246
19243
6464
20548
3642
2466
2951
11677
20603
2866
4964
7599
5279
13042
3457
24687
5275
9625
12052
20066
5378
7494
1557
22959
11048
6615
19489
9592
18220
2286
4111
10090
1918
6849
21545
1939
284
16529
10749
12916
9035
1813
2764
20824
19972
9128
5810
7396
6437
9288
24608
15854
498
10569
5223
12435
8948
6329
5878
23939
2185
1029
16093
23968
19939
10276
9778
7112
1933
15890
3924
18670
8052
12160
5839
22128
947
970
13792
2300
20913
6441
1329
948
1230
7298
20750
15533
10588
7606
1905
1834
4275
15699
24739
6030
14951
24260
24524
24714
10302
13069
3109
1931
6869
22753
19676
12704
2818
15679
19793
17114
12151
1698
23558
5044
7749
16505
20483
6182
4072
23254
15195
3597
20650
21098
17233
21845
23442
5297
17343
11649
14566
4802
16825
20330
9710
16970
4037
2535
2131
24049
21325
260
6912
21277
11377
2790
24928
22302
24118
8485
23584
14986
24876
6107
470
9009
1415
4388
4675
8787
1835
24150
10293
6505
8710
6676
15184
11554
16880
4325
22357
6087
21022
19266
21963
18689
6368
18161
21798
19713
6471
6187
18317
4576
8275
21732
24288
13200
24708
4044
6226
17427
14800
21169
5515
578
22524
12880
4137
16081
3206
12876
8897
16553
1635
16837
2920
5814
13852
1157
4855
20746
14710
2135
16310
14401
4762
6097
2351
11119
22426
5836
6215
6743
5077
3217
6889
3638
16613
6567
11268
191
6215
706
11845
21119
18267
20317
8712
20132
2885
12267
11987
13858
16658
5426
1147
1902
9671
14154
9068
22198
2231
13893
11611
10632
11939
6295
6838
979
19975
8928
19046
24660
15611
16359
20460
2441
13911
16689
21042
1419
6258
3539
1315
4487
19725
13188
4189
17349
7075
3574
6310
9549
17444
5823
19389
23055
19466
15731
5874
10418
1196
14636
23257
12024
369
24940
20923
19624
3911
10346
2158
15051
3269
3044
4582
8986
11437
3796
18411
19384
2550
6358
20109
11037
3201
12801
14837
5802
2170
19571
24742
2916
7282
4698
228
8723
2667
2041
4116
23754
16499
23087
924
2004
11948
16575
8228
1228
17211
9195
19029
1709
23176
24457
15657
8204
7525
6715
4324
13499
4371
14658
6113
6952
1521
18067
5136
21261
11183
7045
78
9600
19490
3585
15677
3854
4600
7019
11158
6532
2046
2040
2340
862
19232
9152
20611
24579
794
11326
9225
9137
3052
6622
6819
4149
627
12799
8163
16206
18870
17593
18545
21683
18589
17920
6368
6705
18961
7217
18667
3361
1600
6860
10719
3978
3040
12747
1786
2371
6806
10034
12532
15771
12239
3816
5621
885
9198
4893
575
18494
16879
2884
16182
15433
24621
7347
13493
5029
4807
7104
7979
1005
23879
7822
1550
8256
10118
5801
22926
770
6178
3647
12246
24291
17458
4455
1510
3287
13652
4454
21412
13125
636
9839
21580
21036
20760
7226
325
1667
649
7105
18782
21359
16477
6503
11066
2034
13027
2130
2472
5418
1878
10379
2445
18416
2438
11172
1566
5090
13291
21761
5793
10700
21531
9705
2491
12354
3070
3095
8983
1753
8736
18132
22157
18839
5408
21887
23274
10407
7526
7112
23023
1705
17530
321
24988
7466
12946
16462
6406
5856
12540
1735
2150
14649
2461
9219
21900
5237
7201
15127
4364
11024
20053
424
18880
24308
23504
24829
2726
7375
18649
11608
21875
3169
6877
1503
17808
1361
17952
15542
16964
17752
20942
14471
14459
21238
20594
23909
8646
24747
22223
5909
6906
3049
14318
15245
6653
20080
24255
3594
590
2002
2394
5813
485
23097
5480
3293
7155
4549
7926
12419
19947
18234
20395
24170
2241
19561
18530
4790
19569
6862
11258
5430
363
11459
523
1581
12878
5450
731
4389
17507
5648
3499
24869
5540
1225
10092
3005
9284
3150
2613
12126
680
3438
5681
12440
5559
24316
909
2206
10134
2845
15848
5021
5102
11021
10862
5509
4114
23395
24430
1991
15732
3577
3738
3248
16816
2040
24278
7588
2067
12276
12189
20719
14725
20948
11169
11064
1093
10262
3338
1991
6035
9336
17121
2256
428
3801
14565
10296
11081
8873
8126
4119
5298
8350
8088
10911
24857
10408
6729
868
11153
3712
16638
12509
16265
10333
24651
3698
14995
10526
163
23766
6595
13263
1327
15511
564
230
4065
14068
9732
6061
788
18670
17315
357
18028
9378
18832
1480
21252
7381
17733
11000
19144
3369
21948
20375
7967
24176
10034
18302
2766
22646
23595
12466
369
3875
1974
5267
1066
17673
7410
10583
23735
14876
5673
18359
23776
3424
372
1856
19542
12999
16312
16589
19394
11890
12583
18539
1381
431
4521
19613
20731
20301
15749
21769
20198
11076
22203
5546
16008
5752
16156
2280
5105
19912
4804
3413
4282
8313
2502
24048
648
3769
14704
5224
5814
5993
6441
14273
17508
10578
6777
1083
2380
6659
13696
7444
20191
7713
1570
16690
15299
6201
12168
4670
9224
12826
10754
22173
539
21407
3477
5321
10970
17611
1271
4479
21098
21853
20419
1242
8549
134
19505
9400
17536
5441
20004
12211
7076
14563
1475
3227
19618
5707
1344
6562
7237
22843
1813
16897
11203
10015
12945
24921
17564
390
10453
17532
6142
6135
16643
16788
5128
7030
2649
7388
7526
8623
1402
3543
2165
4273
13862
22517
5615
9215
19276
9373
8176
6059
10117
22671
4738
15780
12482
15241
2070
17074
24464
23157
23348
4831
21403
23009
11917
5528
4465
19631
2415
9204
19849
358
12961
7436
1756
1449
4208
13228
178
12574
1193
3209
15576
9649
5575
15828
13361
16194
1247
7806
6066
2428
6619
7188
146
680
19780
2837
2058
19617
3771
1208
3162
7489
21017
8212
18188
23581
2286
24739
6268
1548
15023
20742
11416
6350
1883
21079
23781
11370
6977
5139
4635
2552
11362
5174
13553
14792
1396
6340
20307
8131
3594
12453
7155
20057
20774
22008
20039
1466
8240
1763
6154
13129
6828
18674
4172
1357
3335
10710
16102
1346
6794
2960
19017
5801
23954
5622
20927
22323
9566
17525
6869
19323
4227
6241
19038
11324
11790
17800
11963
4328
19200
3341
7602
8900
7814
14964
13693
8856
8337
5457
149
5379
4514
1406
9678
21742
19507
18084
11268
23928
17747
5290
21014
14642
144
12436
22947
4308
6513
22510
19698
3688
21028
5073
5846
1892
10382
12212
7602
3094
4033
3775
17137
1940
5683
21412
17625
1081
2405
3136
3273
4479
6208
23168
4256
13905
3927
4159
7712
6239
24209
14927
16756
6128
21093
18046
10277
23819
13748
5427
7371
16687
6841
20681
20746
2020
24356
24627
6643
20121
231
22376
12565
23600
880
24874
9723
4758
20289
22785
1327
2495
4796
24022
22727
1602
15499
4372
17752
6144
5015
8721
16713
9547
23607
22214
3817
4221
3012
24571
19362
24694
10378
21199
18928
19059
42
15990
5549
2147
6518
1252
11479
1507
1084
5632
4981
22892
21854
2189
6518
24011
10873
1917
954
7722
5989
17671
6117
5198
22020
2171
13425
19001
20671
13251
6842
3376
7093
2276
5952
2687
10333
7981
553
22619
14927
240
9734
20616
13734
654
1751
19548
11432
16712
5968
6788
3841
139
14342
12519
10796
22996
317
72
15436
20972
24948
6055
5554
8597
5692
6985
24264
2958
4556
3855
1605
14036
5976
13221
18986
5490
8323
11332
1389
11673
403
10690
13523
5963
2652
17968
2180
20021
6536
23308
505
2292
1581
1976
18529
529
12839
6787
6269
14423
12496
23527
21520
6780
10477
19754
21427
135
10803
2153
22792
3313
6754
6738
2901
22511
18832
22545
1363
10863
20193
5869
3216
14464
2542
21843
22546
4983
16011
3900
10813
13872
12006
5323
16887
3945
1620
19329
1377
9589
150
4020
5576
2248
4757
19005
3574
20942
5897
3698
18659
5545
11640
21588
6871
17467
1717
8969
948
24048
17135
16268
4400
6591
3180
13219
577
17339
5566
16657
2892
2109
4788
5389
17567
19269
2996
20468
10877
15673
5488
13627
3962
6500
5078
6055
16280
5066
16532
21952
15505
2219
6452
6363
11198
6663
17508
22103
23351
24481
4018
9282
8764
14207
17302
3933
8403
7576
6136
11397
8883
4911
12243
15444
10593
2496
5250
18767
24985
4824
5267
5305
2031
10865
21977
4489
182
5886
6710
16079
10017
21996
24760
20348
6056
6722
2203
6538
6149
14475
8848
434
3168
22353
19429
14245
6456
13548
5212
13749
15267
12555
5896
12757
7535
4298
5574
14854
4065
12620
21129
21235
21575
6683
10584
295
12801
10447
20931
4310
12917
2979
1884
23513
20812
18254
3
24342
6806
13240
13029
3392
23677
99
3325
22786
20305
23165
14115
3426
20991
19019
6341
7340
840
2215
15899
23467
10767
13269
14623
7031
17011
22443
23773
24940
12094
11127
23855
3728
14789
333
6148
687
9969
7553
2690
24786
14821
16058
8321
2309
18912
2720
6546
18912
3517
7440
10120
969
3226
5797
21342
16471
13551
5161
9122
9082
14335
3276
7800
17913
21435
23763
11489
13156
20933
24341
17213
132
5146
16210
4455
3671
21748
17390
18945
11384
7663
23077
8744
2271
14954
20198
18312
1381
10544
2533
5851
13675
20824
7492
6118
10555
7361
18801
357
22222
1562
9838
13120
6647
18233
16493
8789
281
17155
482
6593
14941
11988
22
7809
5214
1694
24129
12454
16425
21119
6672
17424
3750
13582
20359
13946
60
535
3664
1295
3837
18352
5517
20794
1909
20618
2186
21980
12201
14292
23247
2778
3445
4788
16045
16669
14935
7928
19038
7615
16018
5756
3793
2850
2709
3908
22254
4419
14054
15117
13976
13927
89
9303
22801
9780
21637
16725
10442
1923
632
11056
1883
4949
514
21713
24087
220
4400
15174
7396
4571
6026
5055
6986
1680
1783
1297
4041
14833
23839
6546
4464
1189
13130
1150
22443
12085
1303
16098
11357
2595
19607
1847
17454
7481
7907
19065
3967
3900
4947
3153
468
1026
10992
14735
2816
15083
19500
19516
5911
21645
9937
8687
12800
14330
5176
17135
682
23877
18363
632
1898
8514
452
4265
20977
1678
17672
502
2906
1999
7974
15321
12237
24381
12980
18406
6421
1466
15524
11070
5241
6005
2619
2757
3529
2373
4579
3696
3087
5484
3417
22881
5905
282
97
5718
5028
8540
0
17030
2771
16581
5483
7173
6016
659
4966
14258
8113
7549
9584
24967
2039
13228
10301
9554
835
2655
1451
2082
12410
12467
2353
9443
12931
14042
16605
16813
5438
13228
7605
7545
18368
252
16768
24639
13372
16653
4679
13372
6148
8900
22006
8415
728
1087
6687
3302
4077
15822
344
11205
1266
6777
6435
23111
6632
8715
9800
11895
9064
5597
4110
16065
841
18934
2263
685
9130
10
7989
6948
2349
3864
415
3430
3364
24288
10857
5579
14488
5836
2035
7552
12224
14527
4984
725
5303
22068
5641
19580
19321
6896
2891
1189
1511
1858
15231
24248
1905
8074
1057
770
6484
13560
16339
9691
16420
11158
7179
19775
8476
24969
21738
277
12179
7060
7694
15316
2417
6877
22922
24452
17346
16372
3236
24940
6338
24337
11232
5768
1338
10653
13723
21277
3498
20724
3067
4456
3464
18026
23701
2707
22088
15500
3662
10570
3516
19880
24014
13966
1085
2535
7730
7599
835
6897
4185
23391
1457
18922
4194
11652
18093
8948
2276
17262
6903
23101
17789
22643
4087
7610
7151
16311
18244
6325
23688
6128
5178
2651
22609
14409
14060
5672
5057
6076
2971
23271
6227
3270
7645
4781
877
20350
6089
8854
7218
17638
3690
6746
12227
11213
2834
6793
11777
4339
10041
8580
19454
20079
6062
1966
23589
6734
4269
9003
21655
1749
6266
22759
11296
9193
7013
16090
873
740
20271
13195
3271
6435
7724
3795
4235
5861
6880
20452
2740
13967
2983
2785
19738
5358
9928
9648
6284
18917
3745
1317
5412
1376
3721
1784
21081
359
12922
15874
4374
16511
7142
21724
24369
7269
1972
1929
6199
6021
2818
19325
19950
6954
21677
18933
13379
5335
23255
16145
1468
18517
19696
1952
4817
22062
6592
3698
23183
8321
68
14932
6100
21783
15927
6120
5898
4950
2347
3835
4406
7627
1568
11611
14232
17414
23676
23632
14816
8184
3547
16601
6903
10984
1737
20251
5116
5806
9926
18782
22184
18056
2786
12377
7444
24948
20177
2223
225
564
24936
6585
12440
4816
5609
2438
11163
113
18403
6264
6323
282
9334
3089
14028
6884
1357
2174
5998
22186
332
17011
6886
21354
21124
20631
4324
23133
3933
23874
11165
23624
14396
22260
11716
3764
4606
1631
12765
14939
7691
11759
5235
6741
15701
5145
14035
21906
12451
8690
3375
6208
9370
7521
9767
22895
8699
7664
1029
2203
2259
17999
18984
994
6095
18482
9252
16615
12550
17637
5280
3598
10779
13892
4488
24177
459
18159
16796
11322
4092
4614
7600
14386
695
4145
20829
7481
9839
21988
4144
2295
1242
1761
13161
6890
20040
8958
4895
2017
2225
4136
18627
11217
6548
1448
5386
20709
15742
15525
16398
1060
6687
2538
23551
7502
7915
17642
8214
7262
20743
8193
3619
19510
3531
22013
160
11184
3111
20701
24093
15121
24137
11737
7477
22507
750
17058
11529
3195
16406
2026
16147
22167
24125
3367
23942
2308
21735
22932
22588
9512
22252
24185
7240
5923
22261
24237
5125
23331
19598
3505
19590
9280
20348
5206
2952
2301
7080
18362
2117
9457
23868
19911
3562
12509
13862
21316
7084
12062
2811
24632
526
22157
12614
17876
7854
645
13825
16376
12416
140
1194
20473
2499
24886
1178
13474
20387
20551
8339
9080
16414
14360
2800
10050
9844
13372
24065
18377
4656
5986
18894
24285
20588
2173
7484
16024
14444
6523
1174
3303
6145
1843
4774
5789
9530
531
18508
10698
18798
2329
3038
6245
2053
15968
18897
8550
23711
5629
22006
2623
10100
7578
7689
20363
20550
17730
7158
935
5524
16838
8285
19584
23569
3256
15776
8646
4692
4079
1938
2432
6953
10594
18258
7432
7264
8848
21647
15672
12028
8039
135
3205
23527
4068
6227
8266
14636
11043
4341
2688
741
2446
2389
6181
1694
18779
18120
14851
10361
9361
14859
6691
4532
22892
21790
23529
17040
9074
3796
3610
24179
11716
2769
6515
6809
5889
19797
13091
1286
2751
10841
12980
14271
24635
18975
982
19513
16235
14831
221
8978
2251
4455
7348
21503
21885
531
13201
23046
21452
1342
8715
20461
12890
7175
2793
20722
1048
21943
24093
20924
20311
4177
5746
1426
23965
10091
19874
9163
3034
1341
3882
8581
1283
18936
6809
13210
3126
7089
13959
11472
6759
7381
12571
3152
12915
9719
12824
20570
2451
20000
2457
24886
11835
13742
8770
10350
4731
3808
11833
10298
7238
23257
3276
10044
2570
16995
7804
17517
1751
14871
11091
1880
12811
19426
3155
16518
18261
6945
3471
20025
576
22328
6294
6493
5555
3567
5380
24251
2199
5919
3835
6256
5960
12524
6387
7069
423
23891
6597
15969
6319
3533
3198
6660
10623
24852
7602
15733
7752
14502
6607
591
9104
5544
6180
1047
11518
22325
1681
19169
21439
4311
21480
22355
4735
16797
45
18962
20124
366
7539
7092
12208
6300
2191
6038
485
13756
6048
5727
5870
13750
183
3836
5451
12824
4083
20301
965
18864
7624
4512
187
22361
2833
2597
6453
2837
3324
90
23991
6492
2446
327
2680
4876
526
7533
5883
17794
11718
2338
11141
5152
463
12464
21305
22831
6668
19688
19185
1671
5938
16984
5453
1701
15654
197
11352
20347
6375
5421
5313
5062
3366
3171
584
1764
3972
336
20114
4109
23603
11696
8287
14349
4255
3708
11553
15254
17526
4390
7120
6106
17661
1658
8516
17753
1325
890
15330
5368
3199
7754
21114
428
5436
2958
14960
5717
6608
2633
1906
6406
6551
18072
21610
18852
13912
20934
18125
3573
4409
23273
10834
474
2147
4204
3855
4736
4232
3022
3865
9652
12267
22723
7690
7429
24023
17850
3896
11823
17522
14279
6491
1644
3410
22722
22767
13582
2865
2039
6147
2291
5302
17183
23745
4951
7060
7056
15223
7352
1846
2992
9789
4054
21435
16559
24537
24698
21423
11382
5599
7577
7418
4658
1141
2272
22885
3350
21301
10866
90
8824
2788
1936
24043
3418
11619
7120
2839
7084
22340
4098
15176
8112
19360
9607
799
23326
10422
1890
6860
4609
11702
5651
2545
10986
10791
2834
18911
12412
6878
7673
22876
5384
648
3525
9707
16257
10882
13670
6003
5154
1430
24493
6085
9910
648
6982
7072
12152
618
5222
3719
4501
20654
5054
19158
11615
5186
593
9585
13276
8744
18378
3518
15878
4366
24634
8291
892
5308
4769
13619
18264
17452
24082
8365
9130
1847
3724
11973
10534
3597
13093
15080
10009
11021
3274
2362
12194
10038
1605
17698
11294
9572
9231
18696
5604
24552
1094
4957
10035
18257
14152
3292
6248
6872
1664
1040
15732
24571
7552
535
6030
7103
18768
23717
12069
7027
16902
10572
18969
14795
12951
5202
21034
6618
4421
2331
7689
18316
10298
14560
7310
1515
16267
6480
4537
2656
5368
2295
16125
11717
1363
3869
11801
4848
18231
18800
20297
6946
22171
24980
6021
5408
9967
5977
744
11722
14478
1654
24788
6507
7357
16117
6093
13681
4667
4110
18091
3205
20506
3937
5931
17372
4388
863
1071
2583
16257
1960
3525
3008
12721
7322
7494
23799
1780
832
16193
22916
15642
513
695
6477
13944
18339
5672
9010
5848
4263
774
9495
14485
8543
22759
2442
11037
16485
5433
4261
18647
6222
7033
3726
7366
5951
6437
16158
6311
15806
11291
12279
3256
7228
4801
24314
19986
1866
5087
14111
7641
5026
977
12933
22969
17311
15130
6253
15891
23480
16541
10339
7224
9840
853
13268
11261
18690
14888
17414
11432
17795
4704
5316
5609
1200
8794
22073
16436
11498
4826
2944
5823
2263
15999
1433
24879
3371
6314
9414
7640
7903
18885
10006
7069
22464
6466
23690
3036
4979
1561
1231
19877
11160
24310
1579
4557
23444
9962
16083
3038
4500
6825
20125
5809
20687
4893
17177
159
2315
3801
11493
148
1890
22551
13961
2053
670
6262
8864
14892
4803
4695
5009
4337
4956
8903
19580
13203
6681
6193
11409
15023
2295
12773
17085
22656
15552
620
550
3080
13893
989
18874
24686
18122
5461
21635
2073
5729
7386
21085
19740
13689
13129
4883
11826
6863
4793
19111
5987
3013
22672
1849
4184
6003
10268
15913
13828
5428
5668
13440
99
2019
16032
18060
6631
17053
5598
21195
10281
13073
8967
19467
9597
7709
24073
14030
24849
2562
1974
5619
16991
12323
717
2707
23336
15369
3895
11050
4196
6659
5893
22007
7000
836
1297
677
21535
5222
2082
22314
21388
10598
3811
1008
1654
9015
4262
11058
1933
9124
7421
22442
13236
15032
8945
18025
3016
8136
7455
2054
12736
6668
4984
15610
23358
10345
2831
4003
12357
2474
1328
23400
7826
361
3408
596
5512
20304
19336
3847
2631
15549
6253
19730
13621
4878
7109
7809
5855
1208
11194
1373
24137
23423
24459
12883
1469
8545
900
6599
6697
9203
10354
11597
16356
23577
9532
473
17106
24815
4463
21781
3054
7766
6648
18291
4447
21676
16719
19108
4974
17882
14578
3273
9423
13204
3671
21192
2422
4828
519
5985
24564
6344
4007
3320
4226
1158
2105
22462
5853
19101
20411
17444
14803
1397
2693
11287
23893
20250
8192
22170
8981
1685
1286
22672
5329
20604
15341
3874
3865
13283
384
6496
5070
20914
17199
5419
4707
16480
10798
9042
2505
13025
3548
5459
501
8997
7156
4765
10309
1505
12009
8747
8579
2537
6446
4612
2160
12990
1715
11304
18933
12156
17871
358
3038
2704
978
2316
2096
1544
8962
7814
12989
4763
15842
23651
23797
7275
23093
11588
19455
12424
1481
24863
4961
55
24401
8715
21468
3810
3947
17060
4019
9394
2876
19377
165
14818
921
3332
5017
18046
11935
13730
10642
7499
21557
14116
7131
2641
6704
5813
1196
14999
9983
6973
9806
20782
8713
23029
5604
19824
24948
16220
14842
9866
16207
16018
5018
16440
11506
3131
1509
7376
11500
1862
3439
3802
10557
7686
8430
6198
6174
2776
21108
17302
12029
11342
16891
13190
4925
9652
20400
2801
8766
370
9843
15374
18424
15097
1342
14531
21742
21273
2244
7856
8657
19633
1229
711
6074
6697
9951
2674
3901
11773
6102
7950
9426
17434
22711
5447
11725
9103
18025
6125
48
17060
14022
24645
13768
21549
7521
4362
21237
22125
20615
4733
13622
2357
14035
9115
869
3916
4437
22030
8734
16147
499
21639
4582
1217
7555
7114
18089
1485
823
5954
12972
18114
20634
567
23461
12664
17114
2285
200
1024
13270
14647
13059
23232
19290
3212
3836
2456
2889
8385
4274
12132
14330
8071
505
2395
19966
7446
23905
4791
21313
1226
2849
11326
23959
1261
12408
3616
17785
6893
8901
17042
3416
7239
2848
4507
21297
12748
1169
5325
98
10555
2263
1078
11196
3568
2499
7176
49
8164
13278
9365
18352
19724
17823
991
19302
16238
20266
14702
22376
11161
5982
755
15286
18004
20854
4622
16770
23011
2962
2571
7417
16517
14198
22226
12641
1689
24236
7735
23396
17378
12294
10671
13739
19777
8334
12908
2991
6938
5369
5802
3364
23073
10145
4243
8600
2671
15851
21600
19826
7599
23305
22978
13918
11174
10792
21632
24848
24843
22220
8289
24390
15130
23490
9292
13915
15255
15959
3846
5145
6730
2503
7452
17872
6158
7928
10554
9636
13894
11368
819
4227
20658
188
9065
17464
9126
14204
16008
5873
980
20787
11254
5672
11156
851
10933
9960
8344
9568
19309
24141
3677
3971
22540
23193
2791
11466
24239
12933
10724
7382
541
3373
12411
6669
7625
16943
21902
5809
2185
4485
13598
12105
15550
11441
12119
7575
1419
10361
14540
16402
9072
1611
3
12988
1305
3498
3124
727
5819
14049
14670
13083
1383
18071
13627
867
5883
12268
189
10665
16580
23020
17273
13943
8832
21386
21611
6616
6156
8246
4882
23765
11649
12978
18165
16988
6876
2593
10622
15743
2854
9569
11406
14113
4617
16538
10617
14806
3101
4375
24371
11347
16265
4525
14355
4131
262
16218
7384
6300
3976
14152
5954
11794
4286
17458
21474
12618
24733
4998
9291
4913
18872
4868
16298
5326
1099
1630
3005
17270
4511
2992
21761
1343
5664
11153
3278
18871
20502
10442
7422
13013
13297
23255
7652
18991
20200
9756
10706
5742
3244
16034
4222
9471
13368
8043
8877
23564
4036
3074
3728
10411
2387
20565
16598
23893
3785
12999
5250
21657
23417
19586
566
11281
7653
15370
3721
11158
4647
1136
16333
11440
5360
14501
15508
5712
112
9285
6132
16578
14525
16310
6264
21981
21663
18873
5050
381
15827
7032
4789
1587
17143
2433
10888
2618
166
20490
12376
12461
1083
5581
220
21240
22459
6070
24863
3301
14374
1507
23681
6872
21551
23115
17407
7028
7084
2946
12981
247
21040
17092
15265
6123
6319
18791
9386
5519
22914
20479
21217
7134
7236
19172
19462
3118
19963
23286
4006
6428
14627
19180
22371
1165
3680
5441
24493
11736
1594
21072
5416
5539
11558
7730
7286
10027
18787
12262
6222
16624
16489
14608
85
5008
1801
7940
4780
7570
8953
6637
12969
958
13615
7265
2211
17091
19600
4879
3169
9585
2409
5333
11538
21361
17406
4835
5306
13658
19425
2467
16251
22861
7677
19557
5434
8746
9979
12246
16588
5468
5629
15713
7865
1747
12817
11746
2368
4801
15889
5430
9627
7424
12713
21598
5764
5961
8192
9470
14327
10207
4082
19521
18490
22070
5077
3879
8731
13846
3474
7938
2769
205
6311
18053
349
5324
2451
2934
7242
359
11473
734
3907
6627
14961
13462
1668
1804
24179
22876
19892
18468
7342
10094
21650
4075
5176
19070
2517
8635
17726
4655
9824
21619
14134
295
24854
2743
2003
21093
7625
6813
5401
1837
3290
15243
22578
23842
19220
8872
12449
7628
20858
17296
2524
21882
6371
2380
119
2961
2114
7041
19143
13061
4491
999
18428
7024
11890
18429
21394
5817
702
19196
1841
4430
3903
3081
12724
6149
23620
5294
23504
17015
4392
11147
7758
13070
17453
8009
6098
9097
18921
15824
3404
12078
17665
19386
15335
1927
5283
4103
7584
7184
2192
18450
10081
13839
7418
6083
16831
14813
11458
18951
14665
23428
5438
5077
8298
8402
12161
22899
2193
10125
2651
1808
22158
14415
19402
10962
13888
6636
4401
2620
4037
1298
3136
2504
11761
10569
21052
20259
22299
20826
16792
21401
13908
16668
20556
6438
7513
877
11918
432
20907
3870
790
22953
6325
1043
9455
17433
3238
4121
21922
16899
19648
13592
14804
11271
1408
1995
23100
1680
5263
5669
5070
1190
21560
3943
3547
5951
899
17288
10076
1513
11025
7260
6909
6748
10025
19487
17271
24182
12123
10292
18304
9926
355
14449
3166
3341
13136
20670
14634
5322
3901
1846
4202
23309
10303
9868
4290
4398
2064
19914
4684
5727
7524
2934
12349
6279
7186
19998
3690
808
22701
8469
82
3052
13596
15814
7814
13755
1711
18249
17807
15152
14051
652
6262
11965
23471
10932
3210
18700
16744
4828
181
3568
19426
404
12304
15771
4400
19382
24784
1129
23949
8845
19873
10461
12
5655
21338
2306
2021
4333
2545
21812
1362
11640
249
584
11217
1030
9577
2538
3250
1893
13471
8590
9179
3287
24741
23977
20298
2703
2482
5408
17731
14020
12532
6400
21747
7427
2188
5233
5772
7625
17627
10469
20217
3153
4860
6805
2117
24235
22673
8494
10327
9230
8387
12487
11585
13679
23172
20247
12249
21586
19479
18661
11031
11233
24531
23487
12448
1683
11812
10223
323
22542
1834
7427
23202
19560
2950
24716
6563
10954
5090
16450
6527
983
20688
23941
8794
20011
2190
19534
1357
5375
24328
6816
15953
5132
17350
21633
2269
6158
10280
14182
3153
4836
7264
750
17171
15716
7071
24853
22834
7308
7730
6884
18066
19551
294
3079
20848
3124
4162
4623
5230
17205
3044
20017
16952
17775
6318
19119
19560
3453
20130
23229
4095
2666
14860
17942
5485
13039
1703
19736
4332
11289
12043
20342
15968
23894
1822
19245
7369
1802
304
18361
5211
4005
5803
392
3605
23087
21770
2055
4714
13351
3057
19932
23101
4905
20574
15499
14704
1198
2719
6101
17343
5528
3325
5734
2224
8462
1815
999
6405
8396
9609
11963
5846
13726
3013
7053
3376
12407
22891
16618
21323
12733
17686
3843
10243
21224
8671
16054
8428
3659
3990
24364
9972
22833
24110
4806
9795
9260
23745
18884
5054
13738
6611
4479
14253
4809
5939
19488
16081
2245
16640
17352
12250
13967
2336
18193
3480
2008
9494
2301
6225
12142
5781
6926
978
15118
20784
2133
8681
5555
13012
4359
11067
2765
11929
17252
2985
2254
13308
7474
13888
3217
6057
18866
9097
5444
23
5969
22590
15048
1164
15305
24166
19390
14746
3169
14243
17236
20274
9587
24850
12097
19713
5861
20083
20053
1720
12762
8330
7084
3545
17233
6852
1116
9190
3598
7198
9349
2387
21064
8003
22241
7879
23427
1524
19172
15544
15622
13229
15918
5053
12944
15238
734
335
6047
9559
10353
7690
13553
3615
23043
2000
13670
10151
16374
5704
12357
23394
16121
13533
17127
5272
2890
1617
20625
5147
6279
24220
4334
7058
15298
3672
276
23820
13267
6599
14021
2607
3058
24854
10001
18138
3205
7651
3674
11311
11830
23038
13248
5493
17225
17260
24254
7301
19244
434
1461
1779
9296
3752
5799
11664
4152
227
2487
17774
15824
21615
5871
2459
19967
11541
18082
12161
1663
5242
3347
2981
9965
11408
7742
22807
5148
3761
23989
12113
19887
2928
20557
2972
63
14043
7963
4175
21433
1590
1081
18546
10020
425
9133
19162
1985
14390
13836
221
15772
12603
5243
15697
666
7647
24606
16151
6171
690
7093
22854
3578
21013
8139
1245
18675
2461
7984
3001
197
10714
20394
3553
6263
2765
2792
16189
5728
2817
6671
18358
11137
568
11129
19578
694
5825
978
15079
14830
7633
6308
15018
19254
14377
20030
2856
21789
14998
12240
20509
23675
1630
2594
4482
15987
2529
7814
4365
6915
86
524
812
19929
4128
6988
22633
1984
3865
7361
12877
1684
22798
5828
1990
2186
21554
14350
1099
1548
17879
3554
10346
9739
5610
23218
8991
18878
18847
21617
9096
6442
11702
6001
3326
9802
5204
22486
5223
6113
5228
18251
24338
5549
22391
755
2274
3359
3858
7586
21935
24424
8720
6734
4585
1439
23311
2328
1238
3416
11703
18063
9214
24310
4784
3239
18686
14972
17107
12038
18362
24297
18924
14815
20222
14570
14014
9251
6726
629
3144
9060
3364
1843
22599
23036
7650
3157
4860
18358
21352
1338
11311
13002
23137
13463
1996
7439
5106
5145
6149
6508
19882
10159
40
5519
560
19611
9963
2618
11321
23723
22885
20923
4889
11787
990
5164
4084
17757
19769
338
13733
3171
12049
6497
16631
11484
16011
7703
17307
16582
4499
20976
5505
9732
1441
7195
21354
20328
19460
3610
17156
2545
16023
5391
16983
16032
15060
15037
18017
1672
19791
4598
11517
17701
5221
9524
1122
15598
21116
20433
14280
21037
5091
14202
8837
3687
14302
6201
10106
17399
15891
266
5448
17176
22121
15817
18855
11843
15674
6562
1999
2045
2757
3600
11576
12501
11825
23346
2616
7669
6607
4859
10987
24054
1184
19698
3072
24569
879
5034
15825
12531
2335
1002
4763
9032
3512
79
11215
5276
17854
10088
15399
17893
12579
4874
7285
6173
17023
2373
2241
19736
15629
13047
18890
7201
4567
14656
7056
5097
13436
16254
18487
8450
11569
13986
6557
2472
3078
4962
16279
3410
8555
7416
13241
104
8178
18243
15222
2805
2902
17996
1783
2943
6333
5428
5423
20300
658
18252
13686
3168
8086
3021
19571
8908
7760
6602
24640
6497
314
6242
12233
14350
4422
22330
22901
15277
2321
2435
21769
23044
14015
823
17609
24147
15719
2498
56
4738
14032
1110
2049
5245
21484
4096
9295
18682
17540
5450
2938
14746
24188
19136
6531
14455
19033
22294
19107
16349
22784
10705
3743
5795
1304
23446
13438
3772
3563
353
22693
4617
14497
10303
23587
4041
13062
2765
7145
10804
6701
23042
6036
5500
7517
20618
4831
13878
5123
16757
14474
6431
1192
12447
7767
6522
12644
11601
23647
10721
10186
22385
5280
21138
3254
17653
11554
13068
21101
23453
23042
24865
5196
4410
14798
7215
4196
21034
17059
23794
12356
24381
1739
6044
16943
4348
5363
640
8368
6313
22196
235
4755
354
2959
452
18966
5898
2631
19317
6656
649
3946
3178
20976
5498
4048
218
361
23558
24647
23636
2861
7512
13222
20348
20520
16464
3393
12893
12974
1748
20933
10497
4215
24388
15684
5271
6689
7524
5850
3885
11327
2208
18321
20151
2850
14770
22658
15014
10997
24200
7229
1627
2925
3244
1899
6374
10176
6148
6922
19051
22885
16827
4057
6564
13821
21375
1069
16565
8408
6469
2595
7507
5563
6049
62
20143
4320
6603
15155
1210
14399
11798
6476
14248
10764
123
866
4098
5249
21886
19214
5367
6453
4687
1425
5364
19373
9339
11539
6860
11338
5347
12137
3864
7587
17390
2875
14074
24124
6819
6189
24127
11639
794
20027
1771
21523
5372
34
5369
5618
6695
13341
7428
3959
4374
16942
22304
19983
6904
22717
1404
1319
6528
1102
18508
23935
15350
3662
13889
1854
6532
2222
2652
24870
6227
1491
5491
2273
18198
9973
19443
24475
2495
18342
5767
2610
20226
7934
1360
3076
2223
6733
17006
1656
6059
8464
3861
8920
6345
832
7556
14564
9460
3679
4154
24019
4897
24284
9961
17014
4795
4137
7447
22789
12967
1995
5251
2078
1953
4081
11685
3851
24582
24449
21498
7580
7508
1624
3062
3468
5159
14296
18530
19008
17381
19495
15104
94
13044
19486
756
9442
17266
5031
13454
7607
15693
20810
3998
8428
14557
15185
22607
19124
13335
8234
967
12947
2051
22030
12813
5750
21104
19936
19596
3330
10214
19800
6615
24647
8668
5216
5013
20182
7467
4118
640
7057
15555
2804
1152
7419
1180
23396
22557
2952
8432
11960
17525
22381
11688
6785
3299
10011
4628
15134
19025
904
17630
14304
7743
7543
3137
21100
19820
4017
3702
1376
15124
6508
18031
5265
21882
16203
12488
15988
144
5470
17659
20467
17078
6363
3795
5883
6039
6581
6779
18780
1114
10964
12983
608
1111
6421
651
4960
24360
12660
18491
23507
22130
20175
21435
18144
17380
4933
10056
18119
3616
7358
8862
7331
13783
5604
3268
18362
2730
8563
15365
5728
16718
10741
11608
15896
592
15538
6010
16125
537
10286
8034
5728
4291
586
16910
1203
14861
9615
5212
2301
15860
18145
8259
399
5595
24977
13147
4455
9707
17373
24866
5106
19414
8860
5289
18008
6393
11388
18542
18194
4584
231
3283
2215
2183
23046
21199
2936
17566
19260
20196
13400
19940
4598
2129
16256
952
745
1760
6210
18483
14972
24290
2012
4338
18640
2794
4367
11131
24317
11480
5737
3221
24991
11639
8424
9949
1170
11112
2808
4758
21497
2000
16935
793
20101
2352
2454
24854
4940
15579
3562
14674
4399
3246
3045
2113
17561
23803
18055
24829
7445
18118
4288
6423
6759
16948
6003
20214
2422
21824
1787
23958
8656
6832
18009
2995
278
13639
3049
20558
9914
829
6569
9071
3703
9708
3540
460
12799
12748
8966
9384
2203
6817
9193
7959
5190
12275
16183
11937
18738
15807
22345
6478
2760
9580
