17670
14920
31361
10896
5665
13918
27207
6241
22914
30976
25171
15783
22965
24474
21296
28238
27206
16788
118
16927
23593
8999
14411
32311
4441
2671
9258
12984
29632
10945
5859
24766
21335
23102
31715
15509
28558
1448
19382
24617
12270
5749
10698
445
20477
32546
3958
736
610
25034
10298
27549
20297
1271
17225
9715
12809
2744
32324
3461
14852
7668
3401
10129
13007
2557
17452
5926
6036
28776
17668
8594
21940
4381
30698
22298
8880
22698
12285
13295
26953
10461
8618
19805
4582
3985
3626
24388
10807
24520
18507
19916
12312
24826
30324
28501
952
2221
13795
12973
17658
29254
826
30086
8219
2335
3130
7975
19862
6361
20174
21345
18756
14324
10571
20933
1224
16540
16374
21780
6442
19398
23495
1783
15298
25212
9836
23536
31320
22901
26513
27537
649
2793
10079
6380
30828
25251
23106
8010
8310
28760
31216
22304
24731
29751
12199
18238
23734
6593
29621
22090
12843
21723
17982
12397
5835
5410
25914
13644
24312
17278
9149
570
12041
15866
18043
27819
23536
17875
2443
236
16153
5070
13163
22802
406
1743
22853
24625
8826
8360
14448
21966
15490
17711
18746
9622
20219
28563
28389
26448
3551
20976
26863
6928
32066
4896
27031
30125
23532
7893
30108
20854
8520
15332
29000
5921
4733
23780
32429
13060
13018
24312
4399
27272
4983
10985
23106
9690
17945
27768
29557
483
30551
21490
27056
15995
29691
5636
3513
23769
7595
7633
11773
590
4809
9538
7566
29492
3479
10141
11368
14881
16031
25178
29944
20320
9810
22578
8927
21665
12783
2680
5875
14575
8102
23724
3206
22755
28158
22094
9196
28439
23156
14064
30263
26846
13156
4239
5701
29490
301
23587
8957
21486
19089
15477
20181
25406
30810
25393
151
14675
7235
19516
29030
25691
7957
17223
27644
15024
6673
26533
4405
7503
24462
8793
17873
16013
30435
17012
11637
16645
3975
13214
22260
17109
12151
754
32205
10506
8408
9743
1269
16216
25310
14443
3798
15
8684
8939
22167
6218
31485
25009
11934
31849
3650
23606
18515
8386
9484
920
10535
10900
28397
11061
28886
11580
6682
20344
21736
18348
19220
16115
30078
13848
14216
22958
28491
11250
26739
23231
20193
2585
26505
24603
18734
17742
23512
9388
23878
4327
22953
8356
17251
8647
27047
1040
19753
7565
2883
16304
6959
2572
13910
4102
19388
20732
8200
16045
1742
11246
18162
3564
2913
3206
2687
651
8685
21732
20888
32741
6193
29795
1152
27199
10799
15494
24060
17240
31864
559
22456
30017
2985
24338
13798
16239
13622
10090
30248
31247
15718
26602
9648
9113
30367
32759
25253
27816
28132
11284
3273
13833
16540
5278
26970
13586
32661
13497
15926
12853
17224
11658
10306
5589
21855
22951
12555
14167
4980
13515
26542
8829
28444
27599
246
18159
12068
10453
17093
17947
22042
28615
16053
21311
21007
7936
8190
22980
22940
26696
4251
24014
6691
22022
31144
19217
6999
12465
8975
9702
31743
22664
30307
21150
27639
26499
26892
26390
1911
12169
20901
14987
30615
26851
11426
10160
31763
9457
5174
13566
16972
22811
28532
5964
11664
5643
7348
17055
29851
16153
6968
32067
14430
22023
30735
10523
30719
12015
570
14133
1568
8313
2574
31137
25444
1105
12249
18308
8751
7129
1480
10088
14254
11547
2312
29654
24088
27649
13868
11815
27699
968
15567
29591
17945
21682
5754
18587
19260
14843
1224
11893
26024
27663
15047
14085
7816
21242
13730
2786
23532
23840
2173
5545
11209
11822
8097
19605
16449
14928
16089
17232
293
8613
16155
777
22201
24560
20331
22471
4535
9360
15613
2045
5270
26290
1690
10846
8715
2501
16196
3570
29905
9774
1053
26730
1190
19005
2437
16049
7318
18272
899
15299
9851
24471
28006
27074
20421
26408
29868
327
27511
11924
2850
17142
13682
18633
25677
3925
23286
409
25097
12510
27750
6251
13424
3154
7243
4913
12541
11089
28572
15770
9457
21800
17213
10376
9974
10730
19141
15812
11267
29634
27780
15345
25471
8839
7877
11966
7849
9617
10832
14176
18231
6091
30259
14656
10557
29194
16578
16112
5201
14237
27101
11108
6125
20774
12913
2911
24341
2472
5441
6955
28473
25056
7399
21645
20060
11737
23317
6392
21622
12475
25889
19457
11287
10979
31169
29203
17998
3641
13331
10084
17865
19646
28640
807
9533
30053
17185
15108
7433
4900
12482
6853
3094
586
30887
9298
26625
12307
10477
27615
30844
30842
21618
1124
25073
5710
4759
4173
17257
22920
11332
19059
27565
6108
6701
6988
27050
2958
14420
3678
31770
5255
21199
15354
9313
4008
28620
31526
24757
14430
31442
28635
20866
18551
13642
18801
19981
18996
4157
17751
11351
20639
21343
18951
16452
2590
13645
11833
22012
24905
18707
87
11154
8185
25841
25138
11748
18593
26207
19699
31938
6626
30542
20820
31314
28761
14513
10256
27058
31420
30268
9879
24800
29733
18283
27655
4567
22701
16839
23128
12027
18493
8293
12246
28343
2977
1199
21717
29285
28638
13414
12704
5230
27590
30952
8370
25010
17353
943
20777
16938
8206
31771
11639
5323
18627
6769
6747
17070
31921
29731
8720
3439
5651
23890
24516
7379
29096
913
16203
4013
19463
9708
25877
5122
2355
3625
21085
19051
6767
12109
6564
30907
30291
3426
14174
20450
22304
21112
25323
18705
13137
13546
27592
24095
9330
4834
30471
8492
12341
26399
12540
30596
10179
31478
18234
31685
4432
31127
16062
19269
20466
18578
31337
17070
32179
18842
1460
28139
11237
27016
30623
12104
32181
8355
490
25044
20739
18462
136
31498
26993
26850
7505
28593
20922
26510
23543
24577
26438
12732
8763
20231
17403
20615
4192
26955
31317
1098
15840
7855
22457
19881
11871
5018
8454
2006
4829
11606
32110
30733
11055
15799
900
30305
23472
4606
7317
5051
19252
26876
12860
24864
7485
5243
23089
15410
7282
18905
29794
17658
26956
26102
28485
24804
275
10321
9836
28427
12553
10605
3930
4535
18917
4218
10389
12580
10114
19505
24316
7046
24793
21248
23899
26185
13357
11879
31293
29853
901
21922
14337
18226
30047
7048
2864
31040
3491
13235
23310
3787
21206
4833
28783
30757
21392
11930
18124
28340
8240
24595
29590
3829
3278
28243
6090
21441
20337
916
4038
22224
20098
4588
21851
31355
13185
27436
18467
24774
5623
4105
20501
21405
21164
31353
3670
606
25369
26464
4178
14488
18720
25452
14604
29203
25339
7997
21682
28688
15219
20170
2677
13265
10834
6144
8344
604
22810
21676
18118
21885
32759
11162
23208
24074
28403
17662
23223
31594
14185
7700
31567
19544
2492
16388
4613
15589
6984
24072
19259
13756
10393
7888
24050
20650
26587
5414
12767
13918
32658
11214
11200
2413
21900
2224
5104
665
18963
11065
19257
8786
13159
18942
16874
7037
11627
13218
25898
23413
4510
14074
30348
21327
11085
22128
484
26211
31751
19109
25944
8711
9298
6235
8122
8862
17564
15761
22805
18898
27252
14831
22917
10781
24058
30309
25164
19342
25492
20496
7459
11722
17891
19037
5582
11089
15350
11376
29171
8706
32701
3527
23340
1250
10432
5658
20315
15129
7952
29830
19262
28733
14974
20971
835
14803
25100
17043
7837
13843
16289
31508
10391
2028
23553
19575
11304
21576
14075
11161
11720
9361
12261
18386
30595
21108
21061
29909
27468
24805
23249
27607
20371
26211
2202
10228
18970
27773
3716
25038
32004
26773
14585
28279
31279
12772
7134
1425
195
6334
23750
12979
14603
791
28006
30223
25220
12871
19018
22610
10292
5642
4550
30156
3901
20683
1838
17617
13234
20770
22089
7007
18345
9371
11012
14336
2194
26553
29028
20978
7879
30522
20926
29830
7012
18077
15658
10694
2136
32738
7733
14426
16060
20625
470
30893
30564
2045
19620
1355
18868
27338
20549
19086
3253
24493
21802
14713
20072
22899
27769
8676
21851
8773
7755
30681
24697
27690
18456
2111
6438
19149
16239
24757
27532
31361
3307
28353
14639
6274
21346
6698
6600
12413
14175
24226
7760
17235
23251
10408
19035
11035
16647
31149
14247
102
11989
6006
6133
25798
23320
19137
2327
22161
865
28971
28491
29154
14572
26193
18887
17121
31186
2102
13717
3396
27263
23269
4769
11542
17255
3927
32529
29879
18165
29078
7380
11301
21444
547
21886
5497
26386
16021
4179
6837
9074
23940
3745
2236
12224
421
25172
31650
602
10294
12996
24614
27789
22173
17361
11901
31310
19276
29490
16978
31275
13799
8202
29706
16769
15017
12476
22348
238
17668
11009
17089
15625
28039
4664
1304
16209
30469
32765
27470
4964
9972
11004
31788
25714
32019
20487
3345
20208
3664
12647
5105
31377
1768
8304
23198
4210
6096
17753
30534
24980
21332
6474
11837
20880
15614
18101
8445
22918
4281
25578
28268
14167
1334
15334
10333
7444
3471
6508
16984
29878
24106
18520
23966
3087
14561
16687
5736
15616
17503
13050
13936
26093
29389
24405
28850
18030
15279
31939
2676
5191
11528
4932
5508
23707
6085
1834
8129
1372
23384
17960
31708
774
5284
19116
1888
5773
13337
26990
4592
10131
16160
7497
18896
3807
16569
17739
20904
25867
11618
2312
25476
10620
15932
22323
9502
21912
1897
12911
4448
12338
19896
16482
6949
30025
24452
20235
27968
9715
29913
17494
27583
5268
23257
11246
23153
339
28254
22355
19621
23247
10721
17452
16949
30477
19099
15582
5571
22710
20713
26461
8259
21631
24565
13891
13753
10984
16531
28703
24388
27177
2921
16655
30300
11369
15955
2705
1368
1586
16646
26006
4403
14626
7411
2776
12431
32483
27758
5486
5114
93
17679
21405
25457
19753
8536
6642
5410
26441
3481
19597
8566
14103
7185
4800
14415
31612
25686
26841
23439
2658
4599
1083
729
30060
18015
15796
11419
26340
20988
30218
76
19189
2209
10455
26098
6426
13609
8599
14056
20950
28766
1792
27614
1190
24345
12434
27681
29236
7082
31342
25117
7885
20089
2923
14624
26901
14830
16743
10336
30969
15759
14299
28480
6886
5224
7346
9935
23352
21168
18268
19601
30198
26281
17950
27267
28348
8392
21932
89
25848
1814
30457
4618
30809
30678
5966
32654
20869
24424
32410
2534
8971
1389
30729
10590
13976
13612
26839
6415
23149
17717
18791
15271
17168
16963
13455
15725
13634
16743
310
6015
3122
7523
6690
22622
28656
9044
2059
21933
20516
29333
25076
11062
30464
5087
6075
11054
18547
2997
19182
9146
416
27647
10720
7602
3214
10485
252
30884
15393
13630
30298
2076
1097
10585
9104
5666
633
31293
459
28421
27227
828
23582
23127
10946
26413
15385
9529
24288
3274
1182
8665
24505
14935
12016
16440
2519
5253
24077
9265
2879
1173
15422
23735
19877
18880
22252
8286
20700
14807
27829
13084
2448
29991
25023
22865
6199
4511
20044
31750
27717
309
23439
25202
10143
14213
25279
9411
22099
21179
617
15387
20102
19380
7690
21464
19630
29024
31709
16408
8193
13163
29938
15740
31532
28
27520
24109
15689
14717
31612
18461
18187
1468
6506
10384
12348
32465
4980
218
29034
1377
10425
12394
21981
15074
10983
24583
18892
26369
24076
12890
22736
19520
2729
23981
28824
12260
30217
4850
15327
6414
13520
22023
10651
2856
3031
11064
29815
16258
21303
15878
16004
8765
4004
25894
5419
5737
13821
10189
29031
17770
19744
10283
2097
32160
25091
5941
32571
25671
513
5544
23008
32411
12145
9803
12891
22080
1149
5492
4920
15586
30770
31181
1289
29465
31187
12888
9306
13967
22131
1457
21479
31588
7362
18068
24332
21713
29480
8606
8316
20748
5136
30808
310
19564
25735
28017
25525
32718
22789
1611
20327
20023
7306
1466
28769
5563
11757
25608
16209
1949
26481
2108
26036
19383
9370
9883
12873
29468
31295
26736
12741
32253
13535
16649
16328
30921
4409
5122
9232
29848
25366
4294
4077
24266
7786
26450
4084
31723
30363
14908
17912
2522
2081
29172
32566
19755
16463
21835
31440
3529
30576
2865
29821
18144
28950
27075
18302
3578
13999
13957
15828
30056
89
15339
24496
28131
8184
22559
22315
27507
8837
26878
15415
20880
7081
14691
23765
27271
20362
21417
21897
28192
12005
23915
3595
23422
22877
24718
28224
10822
6674
9602
24424
5892
4726
708
28057
3786
1884
17832
7532
32282
1106
6229
18934
1797
18737
2321
7930
25237
13810
5823
860
29033
10435
26277
2009
16287
602
1907
11766
32759
17546
25985
6966
16948
32532
21593
3216
26822
32447
20853
7712
8615
29355
25674
15133
26243
31714
16261
18955
18459
23344
1940
26930
2283
12597
25192
20302
19210
1208
13433
9352
21843
830
12043
26533
13250
12251
5040
13182
14112
29769
20751
30896
6115
18487
23779
32660
16464
25315
28487
18034
482
10987
816
4081
14831
22625
16443
13778
10633
32029
12713
5086
1187
26455
28327
7965
31860
4725
6099
32073
18721
6689
19965
12418
30358
25503
1578
11075
30900
29021
24287
24725
19122
5324
23196
9347
7613
29295
9126
28877
23266
3122
15625
25057
31790
17916
17630
6
276
6279
11210
10459
526
26224
1479
11520
10119
10122
22567
30227
2041
24184
2262
18654
12627
3195
21215
30670
24989
6024
25649
6567
13022
22174
2212
6263
15934
14422
1591
11465
31336
14268
3739
6426
22834
4957
27126
14737
26752
31393
16097
15338
31333
9563
7090
5044
6284
2463
9473
32444
18135
9172
3429
11721
22853
1289
14975
25993
24857
7053
15162
11212
30009
27065
29520
21744
22996
7953
8209
1436
19271
18316
6752
31922
28738
1327
31230
14718
14118
2016
32267
21044
8882
14202
24265
3737
18911
17437
27812
6912
3848
4296
8303
26488
21070
11305
241
1860
9019
19379
416
9355
13734
31986
16044
23633
7638
283
14911
5798
6122
1768
32516
12061
24183
13986
19430
384
21620
17535
11546
11970
1619
32047
9823
11829
18033
178
21124
32509
26800
8044
7211
3525
24930
3451
29646
8881
19306
24648
9983
27539
6557
2652
15604
30305
30575
18806
31810
12263
7371
15066
32233
15033
6466
2539
29073
12908
23144
27900
30483
12037
29051
25700
12603
7346
23622
28624
30157
15288
21829
11742
16069
23725
28426
6631
16611
11495
32479
23579
19303
10036
6829
24532
21786
31947
11805
9252
23181
2691
27388
31408
29093
11843
6372
10434
13911
4282
2073
7833
29873
14160
11185
14596
13338
29276
7928
16687
2010
31639
6674
7868
18653
22737
6626
28693
7347
22242
16171
32001
28124
12516
10485
14198
14659
14239
20019
16047
21768
3397
6818
6269
5250
18784
21236
5346
28037
6408
1070
4060
736
12121
591
1407
14378
6692
14898
11334
12991
20197
23221
2475
27653
1013
6427
13557
14580
10753
5295
15442
27349
6587
7594
24613
27977
18895
25431
6305
1422
8473
19829
6551
5886
14613
1245
18572
4312
9367
28517
22799
26947
3772
8963
842
18832
17952
5174
2262
20416
2129
929
31700
2374
8580
28409
31801
2830
13447
2338
24425
19133
16119
32149
30216
7483
11699
773
25612
32367
5520
322
16151
1609
25679
20061
26373
12038
7628
18189
19648
20655
31095
18001
7004
30179
29704
16471
30560
28119
10607
1181
18529
16283
2826
27478
16598
25247
17947
29199
6183
24693
28281
2962
11015
17368
16774
9995
30212
30958
5472
12905
7772
714
18524
7175
32019
10805
17584
6028
24642
2478
27759
10768
30386
6831
443
16768
6569
10290
24374
23363
26884
19060
5305
32285
28038
20473
15433
2900
13680
14288
6982
11026
8018
8472
25574
22539
18208
21443
10978
20063
18824
18074
25967
25026
20867
18049
880
32474
9259
8957
31210
23528
7884
1011
20920
7339
23357
19635
3712
28034
28273
12340
485
22992
30025
23201
24318
24996
25516
21525
8711
4762
18906
164
8279
10236
1021
24986
21650
30253
2050
31751
15136
9544
17830
2171
21214
32516
19668
20494
5651
21467
11822
23203
32677
15211
18922
21102
28813
13340
223
16564
2440
26115
31711
2002
19727
3334
32072
16001
7562
20033
28886
20568
27585
31913
11707
1939
10643
4335
7922
25618
21738
22696
17872
25509
12014
8362
19164
8070
29561
24249
4320
25383
9419
7779
32320
8238
16256
13608
28811
25534
27327
478
3664
12537
30899
15188
27443
25795
19263
4662
12863
1736
28909
10800
19070
11200
3624
11862
10695
19698
26284
1220
18904
14582
6970
25985
29605
448
28560
22698
21743
3034
11416
24524
5143
8945
29408
20113
22069
14227
4426
5791
27493
10807
13317
2749
5473
18302
32699
23863
7253
22968
27916
23940
9710
29610
30780
14631
692
22671
31016
17363
26011
9564
14207
2770
14804
8008
3886
14248
2793
19340
14620
1523
13065
13415
3096
20629
17313
32614
18960
31253
23596
14562
19843
13379
25419
30922
11064
27419
22040
17571
7217
22252
8631
21196
17371
31162
15151
4871
9863
3040
27000
8245
25629
7161
30166
32609
2831
26113
13925
20480
6029
9656
9972
20855
29432
26695
1046
25054
1944
8486
7287
23044
15505
1597
19565
27315
28179
30538
22479
24373
13778
29826
5642
26902
6070
26747
9329
22828
26323
18761
4821
27093
30363
21736
15958
32384
27730
27866
20088
31855
17603
21776
2170
8379
25138
23054
27875
30616
13969
8779
21341
22746
24055
11990
30918
3512
15693
20287
13189
976
31051
3253
16922
12652
22947
20588
26617
3844
27771
18754
19609
18948
32289
21665
20680
5326
14586
28327
20033
14339
444
28036
30080
18687
25565
3108
15829
10658
8780
2063
7096
13654
16478
22157
29020
16205
5899
13581
28039
17931
19034
6343
19616
37
13082
16801
12298
9800
4307
29775
32688
7804
6140
8127
2529
27818
12398
29108
21855
3164
30745
7857
22962
6085
24054
24856
4546
24577
26940
29587
7333
23198
215
2739
24758
2138
18198
4567
25831
14638
23972
12112
21592
20876
9657
21442
24616
29926
20625
22733
29579
14703
21534
29421
28188
18725
6138
31391
22645
5135
28319
20678
18173
30659
11994
25164
24322
44
381
3852
12808
9610
14165
30704
25440
11194
15195
30806
19452
1720
29998
20153
4225
26722
12225
14477
23966
23423
22609
1386
16029
4095
10651
25965
16951
15492
5963
30428
25005
14626
3511
22280
24084
14179
22989
14968
2032
15247
19786
20547
9477
15146
29486
29886
26730
1213
26732
30551
12511
21722
11493
30657
352
15450
151
7762
26619
15337
8466
13225
18142
14533
31532
23443
13236
11970
9462
30512
24882
17298
13295
29265
18156
8003
17271
37
31598
11785
16262
2837
29832
12094
18333
23532
8681
13735
15869
15419
5615
31993
22296
6140
12478
14491
15685
25205
400
16302
7351
16991
21068
14923
11184
18760
4441
13323
754
14902
3508
14285
23159
9101
14656
22707
32353
20530
25950
19566
4148
21489
11710
31420
26691
14108
1397
9774
11112
1397
6735
4655
26872
17486
614
19010
21750
5103
26611
28299
29319
56
10085
10641
17062
17544
5040
13122
19225
1757
21736
1336
2468
20028
5390
9274
10108
14419
28458
8966
254
12893
21657
16973
21921
14662
23721
20992
13354
25871
12899
14282
30495
17269
5288
16094
25981
17869
7296
5362
19373
17971
15790
6283
8373
26595
13704
23676
2988
22247
23557
1193
23920
10995
2840
24593
21147
29069
4156
25612
12722
9072
23632
27856
6560
2355
26022
26426
5219
21286
28759
18380
16902
26749
12505
29426
12239
12720
31955
31369
12217
25121
32303
21665
17444
1280
7281
28546
29644
20843
4168
18158
6648
2522
21859
24230
1780
27323
28294
17968
1216
27737
12253
2518
5130
23554
912
13554
30042
4201
23703
18793
21133
15689
19408
20598
7300
10827
27471
26793
28957
20778
5109
29999
7522
10005
4420
21075
4097
5461
18289
13125
20477
25903
32699
3354
19362
8972
20220
13077
5054
15575
19070
2085
22286
24487
32527
27054
12791
22686
24152
14220
9846
32017
5738
7510
20570
24040
1946
223
10673
19016
19599
14851
29568
25968
2201
30624
5815
21473
28740
30178
4451
17346
16430
27076
17446
21634
5653
17875
13284
8639
24628
15413
5056
30055
22224
8683
11079
25885
13326
5971
27882
24286
7687
6641
20658
26852
30494
25454
18223
6346
2194
14817
22706
1522
15183
5454
17596
15140
21258
15980
13749
27511
24460
19116
23777
28277
22606
6518
2705
18298
5703
14006
5782
15453
8194
18071
11515
16210
31731
24206
21236
12303
32011
28571
14353
14382
15754
9676
10167
18131
15381
24834
11985
28558
20232
10999
18883
12419
25101
20096
11935
25544
12782
29712
1948
24590
31399
26494
12740
3204
19392
27400
21484
27640
30425
15255
25065
25407
19591
10821
24577
16088
7006
28444
31392
15308
9551
6432
17996
6104
32565
16272
15323
27854
3754
22634
17636
23353
6687
22573
27763
18496
7980
32482
2049
13005
25380
30301
27811
25582
29165
9665
1153
32379
32526
24130
22666
12793
23818
17711
25190
5310
32493
7983
15020
26966
14372
24779
30550
21286
11921
10284
20082
15951
13023
1062
20762
32469
29459
11382
21157
27393
15204
3912
20511
29955
14669
22525
27639
2012
29920
21290
20984
11131
29789
21476
6010
13350
15875
32315
27610
284
11302
6916
11559
3705
18306
22748
13598
24153
7119
7785
29273
32064
14998
20963
8643
9658
24642
14803
15439
18238
28538
23323
27882
29784
13998
30775
8878
31752
13296
5570
4952
12901
19206
10300
16892
11397
8637
20234
24055
29601
5760
16574
3622
29557
1320
19609
31829
10214
19990
5454
13562
19943
21375
26889
12068
7069
24840
23216
4270
17345
12691
105
696
18503
1880
31580
10839
24637
2615
11450
6540
29941
24652
15358
19571
31334
13509
21107
1725
9936
8432
12278
9568
19871
11160
31997
14477
24978
21138
32216
31203
25116
21139
2871
29410
14347
8517
29677
26530
17767
19865
11251
22981
11421
14942
27824
14250
4828
26387
10871
3043
25024
15097
850
16618
19502
1645
2814
19727
6783
11893
6198
23221
480
13977
30517
16574
2808
7412
9590
24388
19404
15498
31422
13450
30944
10716
25436
15922
4511
15802
4015
31408
11261
16985
15594
7934
9051
30373
31508
21649
11947
23512
5203
5005
8660
332
31081
27957
24152
17037
22399
23205
14132
11187
15138
25539
19464
30703
25739
12915
8055
24163
12579
26122
27857
8503
15942
15110
239
4841
10567
23292
6751
1508
4277
26833
5314
23125
15069
7469
25457
7738
1424
1837
8039
29627
807
17752
11355
12734
26819
19157
14636
29366
12762
1243
8066
1467
7407
29800
26291
30176
26016
4150
28131
7105
24550
747
368
27995
22681
6543
24461
33
24370
30276
28716
29004
23765
23345
13346
10354
7311
8640
12165
10330
10460
12809
21337
25103
8812
3726
10860
15923
29734
18472
19839
20630
2158
28225
25254
27143
25507
20292
11250
31850
18412
7506
26956
1291
17973
19255
4516
28978
24692
13724
10060
12536
8497
27773
11166
27736
19525
12510
30181
3721
3298
31418
29051
7051
17619
6973
1838
1025
24837
20275
13800
27454
22343
21951
7824
5026
12622
24400
1835
25895
18684
26833
6471
16951
6626
22304
24473
7873
19459
26306
18149
3467
23514
17365
9758
14282
927
24133
4559
29424
18887
20035
32441
26821
22730
23795
30653
1465
1064
1381
27389
8568
7854
455
21055
5568
1525
14553
14994
14191
1837
8097
28467
26081
280
25439
19377
9336
26457
28611
31056
29308
2799
9566
7083
21798
19453
21591
12446
18423
6348
20319
10083
1870
24082
10982
29435
26938
19573
31887
7120
14477
5963
12002
5272
17970
4260
15682
22140
9408
18058
27678
2170
16974
1415
20843
13832
21642
25704
16721
22778
19205
15681
29476
15013
15313
14257
29335
28741
32334
18535
12588
30364
26689
18917
19439
12508
24870
4740
22884
20167
16328
11193
21438
24085
9742
3734
29521
2838
20248
2452
3402
21656
906
13199
19102
14091
10280
4114
19264
4835
6820
18645
2455
21054
20659
8324
4655
4551
28006
706
25519
20698
16568
21870
2827
27881
25956
28453
20474
27678
28921
22280
1451
23361
27183
12735
21427
17117
31100
32702
2891
30622
2019
4294
23736
18942
16397
20655
266
22816
9626
20838
11273
3324
14009
13874
23149
31677
19446
25659
20557
15975
10836
7244
23514
30909
31644
25048
12365
6242
8436
21307
27934
3902
5043
22339
9591
3363
18548
17391
31720
31921
18538
25206
9820
18295
29939
29835
28236
9562
10607
7904
306
31547
12114
23785
9537
3284
14456
25058
9811
1507
21433
2835
3875
7819
4030
18259
700
24311
16402
6091
18993
17984
6268
3580
27279
22673
4749
27396
22288
22665
20853
17436
5009
12256
30747
20582
23366
19278
9580
17382
8109
28072
2802
23501
29632
15949
20905
32766
14191
5824
16655
7627
5965
21398
23675
8191
13450
11411
27311
10274
2337
22544
7088
27896
23634
32159
16598
25163
23379
15346
19231
3562
10819
17913
968
11762
351
23371
13087
5196
10872
8135
10643
23415
29349
5755
24333
22664
25653
17349
7299
28271
23783
15031
25546
9851
21598
6592
2475
12833
26319
14985
13882
14841
30717
6430
16227
7689
615
13902
4550
2886
26303
31060
7109
2648
20383
21687
28378
27550
32120
12910
2862
13426
3787
27464
2408
29102
6299
19851
5827
4974
8994
30427
30564
13848
24259
1374
746
31898
9536
25630
20294
24563
6957
13999
32205
6133
1444
10257
24203
329
10299
8407
24027
9395
16179
10377
28725
17303
27122
30280
28742
3517
6579
29872
9030
25681
22653
15619
22406
20014
31825
19843
20808
348
6824
32543
31188
9686
20509
32338
1224
13713
12390
19273
32688
7611
29320
1348
32726
1344
11595
1342
25180
23699
14316
3024
21127
6827
787
1619
2654
19276
32260
12101
372
21127
23577
3565
32258
2436
20080
6466
15416
6271
1505
522
8149
12817
4403
26687
9206
5041
27535
32694
32043
28538
20276
26627
8656
9007
8301
15255
11419
24700
1216
6699
19825
10878
31337
12898
15486
19590
1031
3753
25476
11802
15508
10594
12659
10301
26522
3139
19515
16369
20900
32504
5342
27129
5363
2320
12745
15331
5747
19222
4964
11846
20206
29438
9960
21577
13438
20420
11121
11364
22600
18511
23892
28267
3175
14747
27570
31432
9767
23
27725
20231
12404
12364
16795
9113
8850
17088
10009
5841
28430
14106
22498
2355
32500
29318
896
3822
27970
23899
1282
6823
5789
1020
4174
17784
20803
16124
18873
22585
24897
9861
31701
31230
31974
21754
24458
10208
30071
15579
10857
23041
22564
5609
22332
31178
6971
9611
23778
3447
11164
26225
18266
15574
28269
21367
26397
4939
2830
22988
2737
8984
4431
13907
30331
28123
20449
16969
3797
13912
28427
29481
26720
8057
9118
4556
12955
15507
3627
27861
12469
30443
6771
2636
13472
27769
29471
7305
20583
11244
23986
15956
12737
29166
4795
14922
23526
19368
26191
24963
13217
17033
21686
13681
4519
30019
18277
26891
20263
16919
9772
32043
162
26195
2225
31797
21245
14105
7197
6394
16085
22369
4373
13532
1554
3905
9708
4402
12223
10349
8471
12270
30233
29690
20449
10109
23269
23911
23904
28142
22023
11997
5543
24407
21073
27318
26941
884
27801
24125
17614
22162
10510
20916
4385
6571
4812
31132
28490
28115
31149
3376
1313
16082
16994
9779
28146
16659
31939
19947
9078
1725
13412
23406
29442
28703
12137
1820
21247
31569
3995
22381
11418
14104
2491
19181
28092
23819
10006
25476
30525
22260
17753
30459
15189
13177
18599
26812
8275
19964
13289
12505
31633
11711
7013
21584
14503
24652
9619
12942
223
21268
3627
19505
30441
28758
24451
26386
23248
834
22040
13187
10797
10079
8810
22229
4251
18218
32014
32542
15466
28160
16638
25656
27544
28989
51
23053
17660
13478
18038
22546
20933
3588
32371
6674
11043
3090
11535
15917
12356
9369
30459
1056
22658
3546
9353
4551
30171
18220
6079
24800
31649
5350
26795
14865
7538
29567
7157
24877
23147
17908
10171
22195
18585
17258
15000
21143
13488
26645
30982
23621
27136
27992
9447
9188
13988
3374
25438
215
32765
5320
5347
14730
31583
2680
29591
30827
24329
27341
27604
4662
8027
16640
25353
374
3139
7822
24773
15177
25337
13863
19985
16739
10220
7623
16131
5461
23804
31779
31376
28943
26601
9542
13474
26788
15627
27260
11882
22862
8772
8559
12536
18866
7732
9872
5641
8037
26539
24248
21280
19886
26980
31759
15064
24974
11760
2606
26744
3837
18416
1408
2504
9079
2695
494
31523
439
9743
9403
27086
2755
32011
30124
28808
6184
17757
19309
25186
27527
18874
22320
14289
14160
24410
5015
20994
9422
25588
6868
2157
31588
22505
10255
13485
19734
26816
18439
12431
19530
32722
31997
31337
11984
10566
22990
29613
16929
26432
22623
28093
5348
17750
28477
30977
22967
16452
10885
10808
26411
21984
19458
18955
30992
20816
13974
8936
5876
10106
10459
24845
17382
30652
2825
14563
23424
1245
21531
18318
16420
14916
18989
25026
16005
4456
8745
17624
19049
27528
17058
24097
30894
13212
11776
7290
23179
23691
22494
32
7705
3998
27056
23750
6162
7989
15017
485
6872
4537
32476
15700
16057
22737
29089
27672
32625
2265
32570
3453
21232
9360
12726
3174
7518
20752
25878
13025
9821
1540
1711
31742
29582
3605
25551
14306
11350
27557
19363
13847
27362
30144
2136
27174
7784
16719
29569
15976
25264
10895
10681
2329
28884
4802
8585
22446
3396
9765
10636
1128
5900
15905
4560
18986
7258
13253
1152
19080
6202
13940
20928
14880
15781
31451
13017
10029
29626
22054
18582
3673
26443
6516
22766
12755
21915
16776
4066
26274
29798
20161
18345
19513
6946
22860
7179
8779
4485
13720
19723
12512
10055
15626
13512
30377
31017
3827
21669
4496
1846
23999
15784
5524
73
7279
22560
17876
26319
8265
20107
25577
29390
2765
8118
2425
21799
4076
7206
16393
16408
27765
21175
19219
22788
8400
12419
22617
30583
17390
22533
2680
21861
640
29567
4544
5298
7783
1688
18243
15863
620
842
32300
7300
15922
9723
32595
7073
32360
23786
25358
2330
21827
16077
15689
24826
26412
21689
20441
1686
20406
15169
14093
3789
21202
24290
17542
32655
11846
22431
31817
10396
8027
10216
26643
31118
28886
25280
13549
31002
9514
32031
20223
16787
4332
20117
28585
9903
31111
1329
20944
26766
3121
4257
118
6136
16670
18586
29582
4071
32499
21115
28430
10309
4733
2605
22597
1526
20131
29261
30063
11289
26777
28557
19335
12939
25687
21335
3676
17837
9546
31156
22247
21352
30537
32365
5084
2414
9162
19824
26751
2242
26454
4724
28089
29306
23354
19424
2411
12740
10112
1257
20482
10023
4381
31483
9292
6411
14444
12891
2442
3452
7131
15882
23494
28971
13029
16108
25190
12213
13632
24105
28930
8488
25175
18132
2675
28868
23802
25291
14892
24830
28500
24286
6094
4299
19230
14899
10486
9754
6675
25832
5465
418
29348
12795
24852
24543
1260
8295
8509
2903
5094
16272
24254
1058
3806
13025
7011
16553
24357
6324
11569
27566
15881
22642
25594
17293
9988
7163
11566
32449
14900
30792
10740
22953
8971
2383
27513
12684
22344
1318
18824
20700
16934
2668
1884
20663
12243
11749
15026
13235
3363
2916
10530
7643
20358
24046
4014
19957
6456
25372
2204
15367
28087
3521
897
281
2682
19405
927
27707
14304
25457
6256
26826
9831
11140
17539
6640
11294
8998
18055
20330
30301
11427
30886
14222
947
28570
14868
29324
31264
9822
5863
27380
11652
23196
8745
6008
27224
21822
13867
2548
22684
17808
3869
28587
2832
25505
29660
26323
3751
4589
24843
19797
3641
16952
27237
27854
24184
8637
18001
10201
1573
20616
14263
3216
5764
10273
18963
28752
26637
21866
5064
30909
3940
18890
29366
13830
7819
18315
30478
12907
1623
3457
28773
6908
11296
26093
20744
26019
1981
7328
23440
6244
23983
8292
20150
5604
27037
21399
872
4904
3329
20505
12572
6816
22048
8809
19556
16484
29503
16394
13250
27581
26132
15660
7870
23015
2939
1416
823
15893
19306
7308
25847
8886
1319
10424
17290
28663
3000
20040
6735
15241
18076
7443
9935
17828
19128
5555
26958
18252
32660
2534
5024
30163
9415
23604
23102
24479
19376
25298
23449
1581
6503
29127
4526
22870
25843
20557
475
30673
1470
7546
7921
22778
26182
26655
4490
17361
12052
32241
23197
14150
7666
13798
1103
10164
23897
14818
21772
13739
28713
5011
14551
16882
1436
153
21726
716
18813
20971
31058
32379
1173
23158
25973
3843
8551
12551
4597
21296
26909
18794
30072
12506
3265
10452
30584
19560
20144
14718
1361
6547
24652
403
32152
26989
18418
16716
26031
6561
25388
15449
7574
18684
22823
12932
1540
13612
4455
19345
19639
9672
697
31336
21256
2193
28265
7030
25282
8952
23478
21072
9524
31968
26499
27289
4229
26788
15439
16423
16200
19548
18023
29281
26192
4188
30810
26347
23750
22270
13230
24454
27256
24994
10705
10033
20596
18162
18770
6804
16342
24171
2897
3999
13022
1305
13621
24687
23622
8097
25245
7537
8402
32133
27544
10953
20264
420
31512
19701
2530
13312
27044
26797
6114
8388
12366
31246
3813
10374
2021
1784
3163
9673
2155
4277
28791
3014
23753
18651
20354
25196
24258
3443
3444
17317
12070
28762
22469
15835
7752
19944
29057
16315
30897
14032
1435
28984
3094
12615
29571
7635
30856
5481
18938
5146
8683
2264
25638
7791
21929
23974
23777
30987
30888
22645
19543
26947
20857
8668
976
23049
17106
26381
15306
8629
2622
28085
26699
21766
22291
7972
10101
19299
19876
20142
32347
14439
19129
16209
22547
32413
31548
11416
31501
8072
7221
23230
26786
27879
30457
29207
23280
24374
28061
10668
21734
13688
11185
1317
30875
16948
20267
10733
6116
2494
7586
3984
13093
5559
6589
3944
23143
8663
3306
6008
9387
1514
22867
1176
12670
281
10254
26579
26830
19051
18323
15117
27900
2700
20084
18664
29490
8908
22088
19433
30199
25962
25320
2263
30209
8979
18911
26724
15690
12710
11803
21520
22630
20538
25577
23113
14867
3170
20768
24023
15634
3248
7579
21623
30773
25719
18413
22726
6330
21717
29265
4961
14039
7921
31712
16203
22678
19330
14855
19855
5859
2961
26167
27686
6371
5759
5086
29722
22920
10569
17047
748
27491
2827
24733
17204
11961
15043
20870
10375
11736
10840
19758
8861
5035
10971
10993
2995
28813
28172
27933
22063
16731
16672
8358
15747
27853
25793
25884
32339
11014
9815
12507
23002
2921
7814
9602
26762
3247
14583
2214
32754
31542
26972
13511
12261
2460
12718
5762
6873
22413
23993
2569
11661
23257
6107
11473
31215
24266
15113
30602
14652
3508
1554
13396
14697
14541
5160
9520
14786
21055
16028
28340
31441
19836
19433
6916
1409
22994
4084
18685
28035
11071
24978
23475
4849
17798
2379
15902
10033
32130
3422
3856
31005
9403
32516
18794
19552
4919
11513
15504
16419
915
24377
26906
2282
30034
7
5581
440
2420
22068
12489
22650
3402
13470
20739
22946
10122
17143
27638
7955
23455
17352
5014
9789
22338
31669
20614
4489
15950
7682
27786
6391
26832
25174
16703
28165
18270
10175
24330
5844
25003
18679
8270
1158
9048
1510
31970
26858
27404
9831
12738
3931
4038
14927
4356
15589
20594
6828
3598
23466
25019
4170
23047
30084
3617
17276
9355
16876
7243
22808
21667
19227
28574
24772
19956
28270
5902
30832
5686
15375
15924
18724
28392
31186
13473
16636
14146
19805
32627
11889
10860
20876
10534
8409
19949
6932
17324
12849
9318
28774
20671
7707
30848
14550
1142
18979
21539
26364
5654
9030
30697
25178
4907
29877
26322
13376
26840
7126
23097
31725
5996
15756
12806
28151
17461
24760
13606
25325
7577
4608
13880
14650
17762
29903
28809
3660
13658
26012
12611
4854
21016
4464
8417
32531
8217
9890
16614
26733
20243
741
29135
221
3973
646
5446
32691
26259
21742
8344
14935
29713
31342
13161
12337
24286
20284
1703
3527
23411
18360
18364
27429
187
16884
13320
18818
24358
4212
2190
5152
3577
8754
6637
10356
8936
27621
10387
10631
18406
30339
17709
8860
25404
14085
22881
15635
1496
4970
10432
3469
5096
14590
24054
15441
23464
10204
30788
3311
3704
6066
11569
2339
20530
6596
4732
21243
20666
7220
9300
25148
9175
12928
31691
12547
19265
18252
18825
7080
9979
7010
26813
30695
16354
13815
7770
10050
8327
10800
22655
10401
12346
21988
566
27964
17511
32164
16226
29882
23590
27128
9459
29850
14861
27116
16732
3795
20552
24267
2375
23479
13036
13611
31879
19229
1161
28457
5966
8383
4351
9206
25504
4065
2706
6291
16135
14900
7488
21976
10377
5625
19537
24507
10967
32617
20017
29135
14023
31061
23163
25867
516
24842
7766
8909
15876
6519
19204
18718
15163
29074
29368
25656
19599
18935
10152
24902
32523
15826
4452
7786
31191
21248
27750
15364
6760
30065
10218
4914
8436
16849
5632
30099
297
25447
25055
6737
11038
2365
16508
23646
24714
13953
3931
11773
27188
29227
21925
25989
16810
6624
23420
18273
822
23574
19339
29020
15374
7546
4833
2844
26827
19854
29439
24555
14364
28311
31279
17854
26044
21686
22040
30063
16801
24661
13456
14414
14199
14276
9905
3800
27212
17444
14895
13510
14477
30085
15592
9802
15409
4683
24253
2709
6964
5590
9633
10140
15431
25186
26607
17180
13254
18987
16641
5339
31978
13269
13310
11826
21312
24076
28915
31432
16473
1640
28710
16032
12739
30611
22439
13654
11065
17069
24359
13989
26903
10223
9741
1069
1809
29327
12231
9331
32547
19428
31326
28458
5323
18891
25422
11953
119
15433
20116
31452
28473
32370
17416
12535
10946
20105
30445
11528
32142
29032
27591
10325
10076
9506
12396
24870
30177
9960
23134
28620
21949
20521
16216
27874
28590
3837
7207
19667
9732
15812
7611
5277
1621
7690
126
19412
881
31407
14821
20457
2968
13636
24644
27820
20203
17079
17638
24080
18977
23347
29789
7982
27003
24898
4375
10893
22522
17461
15410
4001
20175
25029
145
401
30995
11002
29744
17214
16312
4172
948
5248
4544
30985
7239
1202
31916
18934
10146
20082
10552
16185
3691
8354
4165
7542
13506
30898
31767
32313
9495
29218
10688
15252
23870
12098
7900
16137
29125
16189
1919
14249
31621
9557
12396
31614
887
25968
29064
6183
24777
14804
7310
22210
15665
22063
17411
14095
13186
23514
28269
9681
15485
25438
2496
29304
24041
16184
13081
18430
20454
23513
9902
11535
3198
24817
27653
20332
32125
30701
4709
7825
15490
23486
4491
31126
6487
5597
8861
29779
23166
3212
9572
30663
27660
18014
26037
16827
28859
1785
21808
1954
26938
10523
3374
16580
26055
23003
11508
23451
30208
6450
26669
25213
19190
9145
22935
21372
16260
10676
28156
12171
15071
30544
31588
1250
8557
29225
22665
30883
18395
4111
2187
5053
7274
11018
20197
22288
31369
22171
16288
23251
23721
6725
8134
32051
24653
13644
10778
25661
20576
20413
3078
22270
10700
15534
11989
12777
20040
12743
8482
31353
22897
6146
13456
22039
19485
22958
9148
26685
492
20922
21616
23516
9504
16432
2586
7163
5294
26624
7292
32673
28820
14847
1700
27894
16494
12591
25119
14245
26692
17473
8810
16004
24487
4184
9385
3191
24316
8464
26523
146
30487
31167
32718
16765
18188
17403
7183
29
17473
18268
11813
19824
18632
3714
3007
1977
23532
23898
7082
8926
26890
23710
25415
20494
22691
7835
2109
18598
16302
24887
6763
16470
6451
12594
14881
17024
15893
21164
28303
32480
3888
4840
16509
18802
1443
26447
27965
20880
7535
32184
17886
21595
20034
8678
3747
20061
1677
7250
29363
28781
23772
28203
24594
23506
27495
3740
24528
27051
2532
3405
16001
398
22944
15916
6381
17263
22478
21101
8456
2243
27167
719
12068
230
6547
12066
29541
27834
28558
5894
23413
15762
10542
4085
122
6990
13532
23684
12613
5575
11809
2277
27852
1389
19387
28849
24795
24366
29681
20964
16646
32666
27427
4394
2530
12613
20645
4953
1141
29293
24014
20542
7658
15837
6987
668
26505
23313
185
6514
21223
31131
12916
20093
32346
7110
20905
1534
9648
5240
4787
23485
2849
7261
3492
334
27777
16961
32033
20883
22715
15038
24436
15746
31098
21272
11740
30248
9513
2917
7719
30702
19742
7153
8835
23324
7186
27104
7058
3483
22741
12053
28860
23039
24895
22867
713
24517
20842
25762
11439
24792
11038
13557
18088
2138
4493
13065
24456
3746
27969
12432
8270
24193
3154
22415
3577
8138
4828
10501
7581
19217
20400
20173
20149
10930
18762
17605
16315
27926
5892
7472
28918
11313
23177
25689
10644
3663
28043
26490
13048
25617
6073
25307
24149
26546
24811
23358
2172
399
21408
9851
4082
13799
17323
26472
28998
8159
27945
251
32161
7625
32694
17587
24479
4773
27105
24627
25181
24808
30941
20017
11988
637
8313
20110
29541
25098
32593
10694
10676
22900
29510
17291
28346
31141
21037
16557
8470
32653
6852
17469
14756
6758
12778
2034
4689
26429
15
21451
3886
17838
745
6390
24003
27119
10088
13297
16037
20496
32749
6639
3403
29824
10935
30077
31261
30164
31901
30309
10958
964
17411
22739
13548
16246
14343
26550
9909
28928
26619
32361
4653
13864
16152
19859
20077
3693
28784
26444
25406
26700
24357
22145
21222
5052
22233
17817
13890
15867
10341
30808
24341
23180
32462
7428
29856
7553
117
14535
15987
27382
4237
13141
4482
24542
17618
17870
4987
22530
25464
20710
18519
5446
32098
24131
7728
27694
30869
20775
27474
6562
7916
2638
4756
9710
1293
794
16873
30989
23963
9197
32562
1063
3246
22998
30550
9304
3968
12145
17301
8883
3177
27912
6425
30087
7949
1022
5838
9952
13524
18798
9588
1105
3482
17423
7667
31729
13480
4443
10734
19108
1507
9712
4762
24476
4932
27958
29137
6431
32392
3138
31074
16010
6953
19450
17580
23446
27788
28282
26731
24794
21628
29623
13521
11665
1495
4450
24025
26270
3975
25104
32216
16077
5044
3991
9812
5212
32568
31931
29466
1978
21844
12810
21387
28558
25505
4612
32311
19963
29257
6271
17069
11042
17526
10570
11664
30953
32011
12817
13038
25595
15251
9088
21198
13841
1398
1451
27656
11631
20339
11182
12634
28081
15178
19088
29879
28103
23993
30574
15586
1855
8362
20693
22844
2754
5547
22383
26587
32226
19614
14818
475
26131
690
6133
505
17654
15762
245
6493
10718
9948
12631
9912
31885
15316
21406
911
25918
9562
18559
15319
30185
19481
14915
25537
30914
32002
32622
32727
2050
12793
4254
13128
21227
21197
5557
10368
13318
622
20026
26620
31920
19546
22781
4445
6612
18009
7930
10939
30202
31338
25984
31291
15489
11517
19347
7652
25128
21346
13966
21934
5844
20098
29197
13276
1165
15821
1801
10124
32713
32371
3653
5517
3309
10967
489
29552
24337
11841
21101
6370
13315
16594
17081
15161
12687
24510
20363
18252
10238
5557
9752
3464
24029
10146
28150
29760
18688
31128
27193
9285
22726
16393
13789
25527
13725
20794
8036
4890
6601
10995
26559
172
10082
123
26738
1526
24476
25796
25844
9122
8012
25826
2900
3980
17575
9921
26658
26908
25164
24600
20877
2002
9093
14745
3529
6178
17865
29291
14516
31363
19334
22489
11448
6339
19486
25932
29427
9629
1327
8310
32405
31373
4376
1489
14218
2019
26297
6472
6234
2839
1658
28467
25421
32604
30862
16777
13010
31863
121
25937
26913
30674
10703
13402
17184
7116
4671
16172
4739
10580
5329
23358
25400
6070
14956
24938
4098
26292
5019
12445
2660
22233
24464
18643
22976
31754
9322
4675
5568
24158
7347
9430
24565
7472
7725
9182
8382
18546
24014
517
2924
25667
13577
16771
11683
19140
19535
1173
3587
24616
20182
554
7688
19723
2969
13023
815
13061
10144
18989
31579
3966
17793
20449
24694
16580
17959
28109
3931
24922
1746
17854
13812
28052
16479
25518
19615
26464
27594
8250
16087
27751
20465
1878
1808
29269
7322
5951
16866
7540
14008
27569
31850
25984
6634
10587
16878
31927
29509
15760
11455
11567
22867
17983
32356
8300
17755
13861
756
17714
12771
2369
17348
18328
628
7560
19778
20318
6301
987
3105
30848
14906
23862
1463
14859
11511
6186
28579
12080
11023
8845
27314
30359
5466
25456
25860
7158
1670
4433
26474
16353
11172
14482
21011
29156
1511
1578
19560
28879
31145
10907
27700
17745
20143
26916
22536
27336
1454
10039
26846
31320
9998
4141
3836
3130
28397
8505
32283
17239
31335
12698
25801
14102
23061
19221
13068
12146
11731
26275
13384
26447
11719
24935
98
18702
17567
15842
2086
22879
7961
1386
16614
17494
21705
24024
13156
16578
3607
10114
29171
15802
19335
14185
14808
3704
12861
435
17398
2155
448
18523
2219
18311
5886
8743
31477
3296
8336
28122
32473
27511
26688
1451
7941
14163
21960
18167
17844
27348
3805
16947
31954
30277
22636
10020
31072
11696
7460
16722
30235
18678
15668
6330
8536
10782
2902
2755
8755
24046
6924
28531
30952
2744
17449
7907
16001
16759
32660
27376
1970
25883
329
24884
28417
7200
13216
26933
2601
101
30674
4827
20161
316
20409
10536
10777
11197
21719
23843
20581
19809
8346
7445
1821
9420
2526
27640
28323
5353
23476
19757
3879
3644
26978
6253
11464
8820
9131
18946
9979
30272
4944
9015
26417
1380
23766
12045
8884
27916
12682
32559
29650
12384
20931
13608
3646
11096
1127
11220
4787
10194
10160
21780
17882
18658
16176
8134
11886
16489
8979
31221
24222
745
13477
17228
27827
28055
15380
17361
24306
4786
21366
31440
3780
8212
781
23060
18196
5127
29386
16733
8697
13401
21777
19983
27029
31667
28348
21288
61
28966
24674
3444
5081
7687
5337
26628
8334
5629
30969
25820
1691
17752
24739
32236
14209
31140
15618
4674
15975
22654
2065
13181
10172
14503
2398
26501
3102
4439
22541
12921
17019
29652
15903
31977
32118
17218
24821
10822
22540
7869
21263
29590
5495
12709
29466
23148
6226
24121
15402
18456
21759
30312
27460
11547
17222
30435
7711
13534
4926
30839
20267
24995
10609
19354
21203
9403
9787
29252
14847
18169
31859
27648
15838
13672
23373
2114
6370
1593
28543
13051
28940
18943
16291
28523
14185
32031
10205
30006
8413
11649
14525
9147
7199
10380
32103
16289
26885
17746
27889
11954
13570
7943
2828
9709
24813
21432
31719
32214
21507
6969
3920
8465
48
19040
1821
18735
31626
5744
7370
32200
21278
11480
2659
2506
31472
29470
6820
23312
32573
790
1120
55
23299
14167
5407
14509
6084
23535
28427
19210
6790
22358
24077
5540
16926
24481
2099
3421
15022
4088
32085
7872
10861
29258
27128
9549
7078
20799
29042
27920
18436
26223
29519
29305
10508
14545
16372
21607
29163
16246
130
11398
22130
7287
22013
16859
17247
1068
29614
18845
27614
9374
14533
10823
20559
8511
3395
29931
8778
30425
1559
2249
10720
23493
5255
5408
4132
28765
17618
27972
13035
21427
20500
25329
26063
28804
1385
6879
17530
5735
20053
3990
31265
13130
21092
13956
8782
16671
32269
31565
9955
15315
28892
1378
16220
13184
5841
31701
30036
20195
28931
15212
21066
21008
20872
13044
6822
32100
3737
22999
14839
22716
28914
29937
17535
16100
24952
7584
12785
15699
6686
16154
13689
7189
24073
32260
22269
8712
31987
15936
12707
26955
9677
15110
31635
22516
19624
25910
15102
4353
10197
31724
19551
29074
2123
4949
7680
28245
4426
32194
17600
25921
4926
19195
19989
14215
3558
20950
29517
16325
7605
30728
4633
30845
22649
11322
3659
26311
23866
18016
223
7490
7013
16966
22584
27472
5418
2155
19885
3203
8482
14611
21572
27730
28469
11672
25789
21009
21691
9217
19155
2336
9185
18645
22462
22882
4686
4914
7676
25584
29447
10009
6737
14351
18320
12812
28173
13408
27733
30171
3725
2135
25672
30139
3588
27118
1994
31128
24956
21403
6863
23468
18455
24191
3645
21585
14235
3296
28822
14355
29229
6361
20951
23562
10589
6992
7840
5223
21091
7977
13972
332
4008
29881
16899
7649
21385
22910
2759
17828
8279
18445
23659
9216
2466
1099
12179
16930
23223
14304
9367
9992
1639
13033
4466
15834
17418
9453
9947
30334
32196
25107
28849
21607
29703
2194
13724
24493
14937
6760
31218
11363
29016
24399
10711
27685
25083
8941
11945
15856
24090
9035
29595
12342
2609
17288
7583
10546
29793
22223
31370
10618
7351
6022
27506
7379
21169
7880
20059
11592
3070
28694
11027
19582
6278
27977
10075
26434
22442
18123
1607
30564
21197
15367
14056
26568
24851
16414
13864
32442
14440
22236
18420
17026
4037
15850
19361
3128
13998
13893
12168
15578
17920
494
18420
18588
19945
27108
3391
3199
9528
24655
1335
8741
15831
4862
23494
9700
8853
531
28371
8985
553
28413
20835
6847
27508
14247
2564
22592
7943
29167
4203
2186
6629
23386
20060
18278
15754
28934
10186
5893
14636
17376
20032
30172
6208
23830
25471
1715
6720
18128
12137
32504
14252
3355
27933
20312
30799
19237
29540
14993
32451
6320
15436
20097
27959
27585
4114
29571
1904
17048
22341
1532
13838
10725
22569
11825
20241
29497
25434
27228
18331
12219
13233
32510
13047
17180
1387
16758
13019
8909
10376
28883
15594
5487
4722
4327
22909
1675
13023
31644
16291
17027
4088
7308
29287
11976
28091
2763
17233
21070
1182
29959
24111
16957
2933
5076
16916
18154
6293
5697
19362
19717
7738
15535
13445
30484
1574
5603
11328
25375
12427
4697
28204
30893
23083
25051
30909
21232
11710
20307
18952
6973
1172
3806
17794
26559
6779
12833
9995
29291
14563
14048
10027
15414
7488
25548
13467
28806
7856
26525
26375
7399
22238
28257
3858
4352
21030
8468
1947
31429
2810
17264
11326
4846
13444
25606
6430
28071
6284
21134
6114
17289
3229
20604
24062
18121
16995
12244
52
22703
30552
21566
16218
13130
18336
19037
4701
23395
10288
26973
4486
28335
19510
13003
9980
8776
31157
25770
10379
1374
4464
29123
16035
23594
19978
21564
15524
10020
32363
28268
20056
10870
16230
28142
7873
2480
30872
25844
23574
19389
8339
3550
15624
23318
3132
27916
27465
22069
19825
17648
30543
17485
25839
4199
14678
568
19315
30537
17316
31665
5664
28990
18960
1219
14881
2772
8901
26497
13199
207
17476
31224
5013
9665
25768
20578
14802
17882
7726
24477
15614
32000
15604
9179
18129
13090
6657
8090
26400
13002
10118
18135
8778
3570
4707
10878
16082
17689
7405
30758
5709
25750
5871
8699
28031
3115
5871
17147
6081
5341
22706
4966
27045
18691
25858
367
16093
25246
26286
16952
5977
17384
20691
28413
4016
7728
14938
656
14529
31460
4802
19205
4762
23280
5151
9134
11929
24646
5731
2890
15568
13758
10205
27257
2222
10529
3839
7795
10460
11136
6500
7162
26214
11211
23570
16013
7963
32671
18684
6111
10038
20062
15819
21383
28222
12933
28637
761
27434
1338
22926
26037
5065
2085
3255
446
25441
24961
3701
8270
13463
7795
8236
712
29326
12186
6603
25582
25939
5095
14673
6484
7545
9647
2960
26900
17152
15870
21040
26564
19324
8751
2808
29349
23410
28601
31817
6685
22278
31308
27371
4200
26067
20509
23821
28810
28187
22654
3718
29064
19232
16561
31329
22999
17105
11006
7577
18197
32425
21507
22305
7671
3029
8780
2343
13955
9877
21539
24474
6271
21732
16297
24554
23593
5211
22822
9743
808
8019
29598
29388
24003
3402
28581
28469
20561
21128
19571
18799
3312
25345
20283
3767
5498
31870
13497
26277
6581
23544
8459
5042
1482
25156
16833
23801
21753
27638
22071
17722
31882
24703
4643
13092
775
15512
3690
28372
6056
7140
15416
6297
15887
1488
3663
31994
25141
447
19615
27130
26789
13924
17943
27034
3816
6254
21692
1440
12352
27755
26616
30871
17049
8166
2356
28695
8124
15827
3753
17478
28358
558
28786
18591
16856
20702
29670
6642
15377
5087
8486
3500
21433
17568
14066
9817
1215
9386
4289
12647
1894
27011
13072
29229
24379
24530
29178
32300
22090
18883
26121
11924
14481
31917
9036
19210
25525
499
26281
20904
32500
16168
11637
69
28507
26998
27458
759
23609
18496
20984
27607
22483
2822
24616
22532
89
13961
10652
26091
11545
27952
3635
24773
31731
5803
21228
17760
21261
10966
20800
1059
10952
9184
12469
9293
13298
23468
24240
11389
11837
22647
14474
29815
751
19644
7143
17445
30684
20052
20803
25564
3729
2274
1230
481
25555
28526
16762
4396
9032
12624
8786
1387
25459
30288
11789
4170
32230
9739
4323
17394
14258
16025
10399
16079
20003
32364
5878
17559
15274
25979
19991
26760
18715
20896
19331
11505
16152
14911
29983
15347
19405
20265
19591
7561
28895
32448
27814
3782
3486
10075
1412
24158
22914
30700
19038
29288
25301
17376
1532
23394
26029
20038
18751
6262
3869
20532
26618
28923
172
15974
14338
1855
10246
4649
18057
2180
16114
6519
30631
7752
1924
4708
17466
1226
6292
5561
2544
27337
20079
5342
8610
32399
13259
28413
12260
19502
30465
24932
25562
20746
16246
22315
6221
26775
30554
23575
2813
30308
23958
14015
7737
29017
29695
28141
22702
13373
7632
15687
6013
14202
599
15663
9872
6181
2030
16871
13101
4153
31533
13817
19659
17443
13918
29654
26661
2436
23857
25277
6286
2866
178
23262
29572
28288
16247
5312
21127
23999
13854
10208
26412
7172
21495
23707
21869
1580
26621
21837
18499
9502
31243
21179
13431
13648
17484
6062
15796
18317
24820
12257
29154
24309
45
7709
20143
12357
14932
13731
17774
26200
21094
8906
12581
4078
31925
26345
29409
6829
32224
19319
10317
32613
13825
4209
12419
920
27688
23036
29474
13370
28169
8524
7585
32181
22513
11460
19171
1328
6399
21343
18699
10001
1936
3918
29073
16064
6651
9187
18326
7086
6015
23213
20596
18327
21881
7141
23194
516
21722
26120
9879
5395
21465
26822
9844
26490
10213
18203
18247
28618
29662
17596
30981
27889
3716
25268
26776
2051
11568
12111
8241
17210
9922
19767
480
23099
25306
30173
20578
30618
18763
31514
14906
25505
17868
3095
6915
4173
13297
16746
26372
9882
18266
13441
29957
30976
17451
9796
6753
32574
7099
30966
19805
16214
16785
348
16824
18393
19596
29474
13187
8036
14433
27770
21555
19819
23371
25862
3573
24629
25597
1016
4417
5160
29660
8568
24754
71
10603
30534
20245
27641
12038
17568
9152
12812
8660
26982
22821
21753
25847
15484
10662
10346
13573
8560
24235
13305
4028
8540
5618
13115
17393
2830
28967
22269
15818
24167
25525
11213
25389
1793
4827
18877
5240
10772
31746
12643
9587
2971
21838
31268
25219
20146
23667
13747
30240
5443
1994
11476
17032
17121
19876
22886
949
26356
30174
16800
19853
4631
10677
6299
14938
6846
13788
18448
23929
5404
13004
18276
20054
580
1884
25569
24472
31374
31121
24135
22168
22332
16823
387
14104
8029
21424
5822
30514
15346
21133
23193
12174
14160
25179
22455
7128
3013
19519
19069
32625
17790
10438
29205
16997
31656
1142
29369
23198
25814
12969
11566
21847
2723
17051
12174
5331
24728
19137
9035
5710
16976
32348
23665
21556
7385
16719
28203
6289
18270
11821
26761
21448
20227
17047
9088
19337
14865
9669
15155
13821
1619
15714
8560
5443
26304
1181
26750
26400
1113
22909
11030
31986
18005
13428
13743
4070
25980
32312
21759
25963
20177
30670
28094
6119
6515
26855
16813
22440
5061
2160
1495
14365
11213
21349
11798
23878
14042
17894
4570
7529
23658
10892
20006
27399
10314
29693
2267
6926
2047
21694
31033
23376
14181
2377
22947
27956
24726
2144
9890
30891
29453
3488
20269
2918
30220
12889
14888
6215
23098
2205
17706
2837
3729
27799
8323
17523
23671
30
11390
4627
20267
1162
15331
30503
10851
1735
24512
22808
13364
4520
8297
25723
22065
23165
18366
15937
22999
7143
8364
21805
17449
4843
20471
26508
5271
21062
10806
4384
27428
24576
11039
30045
22984
20804
29188
23000
25875
22639
26526
17660
30740
31079
28938
29950
20345
22574
21521
17172
8183
21943
12460
18146
31725
28408
13255
20021
15428
4672
26438
31988
28825
24267
17222
10580
6814
660
25765
18506
14525
10858
3268
32326
25599
14406
20107
10270
1325
13276
3246
28744
25909
10608
11567
17485
7374
27371
9765
15994
10079
26414
18363
22489
7453
2982
26491
30304
22644
25632
20685
11111
2729
27871
7866
13920
957
19180
25334
8130
12692
24238
15902
70
6743
25786
19774
18518
22038
6380
4246
7106
19378
4023
12190
5558
13562
14777
15943
2281
11796
17811
26500
4118
21535
21495
8457
688
14102
12803
19538
8658
8951
3533
26856
4469
1061
22847
15328
29157
27403
20261
4260
11638
29443
20100
30454
20082
4214
45
8753
29015
2628
31379
19922
10047
8806
22490
19256
23712
12754
29232
7336
6197
15262
14944
16788
9788
15209
23716
6173
994
13047
10171
30678
7932
15131
27196
27083
15863
7130
14890
8642
9234
12237
23240
7360
17866
5831
13487
2255
8598
31672
5149
23039
4309
29137
8592
12459
9477
11497
18580
29949
25909
6432
217
19380
32701
5570
11656
18469
17452
22382
1751
32640
31106
13687
16860
24917
25760
26250
27294
31063
4860
28817
9330
32351
15769
20440
17541
21172
22583
6510
31413
22921
8391
7375
31909
17863
17185
18623
26384
17933
25849
22393
18781
12789
11791
1545
3956
7322
8359
23287
15825
28759
22073
16421
13270
30673
29801
29690
26726
30775
28217
5568
21679
16584
25982
20811
327
21398
16529
28124
27003
2954
18502
17477
10468
25513
25122
24653
10043
17301
15048
20821
13933
30039
29877
28220
22258
10331
12077
4225
5723
9660
31093
2727
15403
6595
1603
24030
14568
5802
13171
29407
2930
13477
14843
23064
4243
29475
6689
22281
28886
16208
6124
15086
8349
17375
23512
21150
9838
26120
3021
27571
7054
5068
28754
13547
6865
18304
31231
32206
4528
25737
15152
6545
10140
20837
10753
26939
12178
29419
15990
20742
22512
27859
16633
7432
3207
19320
23818
6418
16113
31453
19506
24537
2340
12014
11576
9555
24136
8457
23448
100
15814
18109
23345
30650
7330
26066
11326
22006
30986
10633
7047
2316
19503
7460
25305
4332
20051
12201
11699
16738
16675
9444
22082
23354
13384
6059
28303
16553
30777
29030
27128
18664
13139
31438
31453
30498
19755
27124
30875
6288
9251
4485
25022
3555
16699
5453
20082
17378
32298
18427
26427
8020
20910
5668
13286
24608
13856
8842
22208
16307
24139
30621
2053
20130
11390
29250
26011
21904
8160
18900
27392
15699
11268
22888
9602
16978
11965
3670
30894
30513
30772
8181
1802
23217
6455
29861
4871
1233
27604
22547
27697
12090
2599
26296
15529
7385
10096
21155
19157
9422
32616
25977
854
25733
20438
25530
24378
23842
4189
13637
31347
35
23704
30495
28296
28480
17513
23152
17803
29590
30349
29902
6475
28677
31092
26046
13002
21207
26192
30072
15858
19106
23149
4331
25987
17007
4800
18177
27472
26907
26050
11044
4267
18430
3967
16641
25374
11467
1001
21900
16732
27319
15219
26948
11382
14046
11739
4024
14674
9186
28487
26698
13914
213
9108
5171
22897
8025
15339
19911
2603
17669
12949
1274
7229
19467
14608
9508
3634
14104
3170
26625
8288
15484
25517
23036
22555
3211
11524
29613
17192
22339
3197
27808
3956
21807
20871
11096
19206
22410
22142
30355
24627
9128
32381
19408
8721
7570
17780
32527
32046
1521
5754
2008
8321
20269
23652
8062
12960
19925
150
5285
26420
18498
19481
30722
2218
10615
24302
1634
18988
23372
12706
29678
30160
3020
21795
31917
19215
25051
25810
24138
8568
25884
24281
7960
9125
7441
22207
18003
13935
11140
13882
27049
24670
26150
68
13304
17763
13175
19056
18778
2762
12005
24703
11359
14186
22584
17966
2201
25631
21037
2899
1630
20602
29793
9768
3017
12214
13425
18407
3842
16878
10848
24471
23999
3470
13369
16165
32267
19720
31989
5814
3143
25800
27294
14908
14958
30057
14261
25927
21661
24105
15314
28959
28370
17306
10122
12559
8179
28315
14229
26883
28179
6023
9008
4694
20466
29100
18881
25317
26562
2815
25530
19048
23345
21517
15039
23042
27811
25653
11531
18966
14783
19989
16
4701
17198
6210
18013
18485
8607
11836
23749
14140
3087
23969
17086
26654
4935
13216
20999
2475
13990
20145
6542
28717
13856
30851
24464
7928
17799
7222
3842
4162
1289
27851
5168
12085
25339
20441
27812
14403
19157
24705
28233
29626
17789
7843
2512
32408
28360
7762
3155
5536
25662
19334
9272
5805
4381
5649
11609
11335
31649
6613
2145
22388
30595
5939
377
19408
25023
20423
2597
20960
18843
6994
19048
9124
10981
18679
19759
30571
7548
8363
19437
11499
7698
6375
23938
20625
21551
5279
3169
26902
31097
15736
6130
17235
17972
20022
25909
12374
1797
24947
25257
27061
16379
6295
25452
4130
207
12036
13731
30784
20075
19857
30748
14774
17834
12858
29490
13441
23391
22
30961
142
23960
19337
4219
31624
6692
14010
28842
26863
20050
12871
3575
22634
17404
13880
16283
18014
16324
1842
16372
10943
9374
23533
3113
27174
28815
30440
26385
23844
30388
2140
849
25047
31365
27758
6341
11194
4187
6568
26914
17857
26416
21418
30681
31398
24486
30237
31038
6013
5195
27625
15593
15503
14108
9896
5980
12389
26696
10842
3815
26915
27190
346
20425
16408
22216
11409
11160
914
14818
25577
10211
23287
13606
15108
24597
12561
4354
32303
16028
6314
24301
23441
20811
24409
4333
11432
15613
17051
10845
29687
5244
31525
28141
25336
5793
4729
11498
31832
6076
14008
7104
9827
6709
183
20413
16830
23156
24660
18967
6228
20991
8971
13361
14482
30178
18628
12570
4311
13396
6895
26710
24358
30103
14803
11746
18719
9248
5155
27506
12333
32760
31955
12029
5632
16738
21289
635
9534
20158
28951
28910
12917
2477
21448
23711
18773
30582
12921
2730
6684
18601
30602
1980
23377
1026
20437
18972
29621
22671
17470
13544
119
23317
4491
24738
2983
12977
12919
19691
1773
30907
20481
24461
24187
20463
3082
21695
14400
30415
23071
1189
13150
22851
23188
8727
15327
25987
27602
22179
18083
10294
26097
24533
2461
29660
13450
4533
1088
5993
17094
25234
27699
26674
28091
25598
21068
8973
28921
19738
5052
26804
351
31252
27527
22891
2612
1261
14392
5091
16499
23424
18898
7005
101
30400
19465
26898
10613
5953
8370
11475
27713
11002
15993
237
16109
16457
26578
5455
27580
10807
20018
5615
28129
14846
30078
20585
4242
12744
27588
23785
1119
21690
10537
20044
24258
14385
11298
11650
14327
14923
9703
17463
23309
16810
19237
31410
15422
10868
7411
19709
10620
1182
15880
6982
26956
1899
10283
22917
15319
24111
21994
25183
29246
12889
13455
29002
4143
5808
29264
2035
11190
14301
31942
17117
32597
30250
17313
24906
25174
19593
5017
1118
7008
10456
7592
27010
16713
6499
32374
9223
7723
29611
23061
6667
18618
22630
24558
18593
26580
14534
19195
4908
21594
16638
12855
8716
3391
19459
15699
5245
12766
17551
4523
